// 06.21.2018 22:38
//( AOA          6.2000E+04    9.4000E+04    1.2500E+05    1.8800E+05    2.5000E+05    3.7500E+05    5.0000E+05    7.5000E+05    1.0000E+06    1.5000E+06    2.0000E+06    3.0000E+06    4.0000E+06    6.0000E+06    8.0000E+06    1.2000E+07    1.6000E+07    2.0000E+07    2.4000E+07    3.2000E+07    )
( -2.5000E+01    2.6310E-01    2.5990E-01    2.5730E-01    2.4550E-01    2.2550E-01    1.5040E-01    1.5430E-01    1.5140E-01    1.5250E-01    1.5230E-01    1.5150E-01    1.4860E-01    1.4710E-01    1.4490E-01    1.4050E-01    1.4030E-01    1.3960E-01    1.3960E-01    1.3950E-01    1.3890E-01    )
( -2.4000E+01    2.5450E-01    2.5140E-01    2.4890E-01    2.3520E-01    2.1680E-01    1.5490E-01    1.4220E-01    1.4170E-01    1.4310E-01    1.4270E-01    1.4190E-01    1.3910E-01    1.3760E-01    1.3520E-01    1.3380E-01    1.2950E-01    1.3010E-01    1.2970E-01    1.2990E-01    1.2930E-01    )
( -2.3000E+01    2.4590E-01    2.4280E-01    2.4020E-01    2.2520E-01    2.0810E-01    1.5940E-01    1.3340E-01    1.3300E-01    1.3350E-01    1.3320E-01    1.3210E-01    1.2920E-01    1.2790E-01    1.2520E-01    1.2400E-01    1.2050E-01    1.1900E-01    1.1980E-01    1.2010E-01    1.2000E-01    )
( -2.2000E+01    2.3740E-01    2.3420E-01    2.3140E-01    2.2040E-01    1.9940E-01    1.6210E-01    1.2520E-01    1.2340E-01    1.2300E-01    1.2260E-01    1.2190E-01    1.1940E-01    1.1780E-01    1.1530E-01    1.1290E-01    1.1170E-01    1.0920E-01    1.0640E-01    1.0740E-01    1.0790E-01    )
( -2.1000E+01    2.2880E-01    2.2550E-01    2.2280E-01    2.1440E-01    1.9070E-01    1.6230E-01    1.1760E-01    1.1390E-01    1.1250E-01    1.1160E-01    1.1120E-01    1.0930E-01    1.0780E-01    1.0440E-01    1.0340E-01    1.0130E-01    9.9400E-02    9.8600E-02    9.6900E-02    9.8200E-02    )
( -2.0000E+01    2.2030E-01    2.1690E-01    2.1420E-01    2.0330E-01    1.8200E-01    1.5370E-01    1.0722E-01    1.0320E-01    1.0180E-01    1.0150E-01    9.9400E-02    9.8100E-02    9.7600E-02    9.4800E-02    9.3500E-02    9.2500E-02    8.9600E-02    9.0300E-02    8.9400E-02    8.7200E-02    )
( -1.9000E+01    2.1170E-01    2.0820E-01    2.0560E-01    1.9790E-01    1.7330E-01    1.4470E-01    9.6840E-02    9.0600E-02    9.1100E-02    8.9100E-02    8.8200E-02    8.6700E-02    8.5600E-02    8.4900E-02    8.2600E-02    8.1200E-02    8.1400E-02    8.0300E-02    8.1300E-02    7.8300E-02    )
( -1.8000E+01    2.0330E-01    1.9960E-01    1.9680E-01    1.8640E-01    1.6480E-01    1.3670E-01    8.6460E-02    8.1500E-02    8.0400E-02    7.8900E-02    7.9300E-02    7.6000E-02    7.4900E-02    7.3000E-02    7.3000E-02    7.1100E-02    7.1000E-02    7.1100E-02    7.0600E-02    7.1400E-02    )
( -1.7000E+01    1.9500E-01    1.9110E-01    1.8820E-01    1.7960E-01    1.5610E-01    1.3450E-01    7.6080E-02    7.2500E-02    7.1000E-02    7.0200E-02    6.8500E-02    6.6600E-02    6.3900E-02    6.3100E-02    6.2300E-02    6.2700E-02    6.2200E-02    6.2600E-02    6.2900E-02    6.2200E-02    )
( -1.6000E+01    1.8700E-01    1.8280E-01    1.7960E-01    1.6940E-01    1.4860E-01    1.2720E-01    6.5700E-02    6.4100E-02    6.2700E-02    6.1900E-02    5.9700E-02    5.7200E-02    5.6000E-02    5.2800E-02    5.2700E-02    5.2100E-02    5.3500E-02    5.3500E-02    5.3900E-02    5.4500E-02    )
( -1.5000E+01    1.7970E-01    1.7530E-01    1.7105E-01    1.5520E-01    1.4110E-01    1.1990E-01    6.7100E-02    5.6300E-02    5.6000E-02    5.4400E-02    5.2700E-02    4.9900E-02    4.8100E-02    4.5700E-02    4.4100E-02    4.4200E-02    4.3800E-02    4.5500E-02    4.6100E-02    4.6900E-02    )
( -1.4000E+01    1.8510E-01    1.6690E-01    1.6250E-01    1.5070E-01    1.3360E-01    1.1270E-01    5.8300E-02    4.8700E-02    4.9300E-02    4.8000E-02    4.7100E-02    4.3300E-02    4.1500E-02    3.8600E-02    3.7200E-02    3.5600E-02    3.6700E-02    3.6700E-02    3.8200E-02    3.9300E-02    )
( -1.3000E+01    1.7060E-01    1.5740E-01    1.5520E-01    1.3960E-01    1.3040E-01    1.0540E-01    5.0600E-02    4.3400E-02    4.3500E-02    4.2100E-02    4.1000E-02    3.8200E-02    3.5400E-02    3.2400E-02    3.1200E-02    2.9800E-02    2.9000E-02    3.0300E-02    2.9700E-02    3.2300E-02    )
( -1.2000E+01    1.5970E-01    1.5070E-01    1.4820E-01    1.3585E-01    1.2290E-01    9.8300E-02    4.3400E-02    3.8300E-02    3.7300E-02    3.7400E-02    3.5600E-02    3.3100E-02    3.0300E-02    2.7600E-02    2.5900E-02    2.3900E-02    2.4200E-02    2.3700E-02    2.4500E-02    2.4600E-02    )
( -1.1000E+01    1.5145E-01    1.4400E-01    1.4080E-01    1.3210E-01    1.1650E-01    9.0800E-02    3.6800E-02    3.3900E-02    3.3200E-02    3.2800E-02    3.0900E-02    2.8200E-02    2.6200E-02    2.2800E-02    2.1100E-02    1.9300E-02    1.8600E-02    1.9400E-02    1.9400E-02    2.0200E-02    )
( -1.0000E+01    1.4320E-01    1.3740E-01    1.3370E-01    1.2580E-01    1.1000E-01    8.8800E-02    3.0800E-02    2.9400E-02    2.9200E-02    2.8300E-02    2.7500E-02    2.3900E-02    2.2000E-02    1.9300E-02    1.7200E-02    1.5300E-02    1.4600E-02    1.4700E-02    1.5200E-02    1.5100E-02    )
( -9.0000E+00    1.3760E-01    1.3110E-01    1.2690E-01    1.1937E-01    1.0310E-01    8.3000E-02    2.7800E-02    2.5200E-02    2.5500E-02    2.4300E-02    2.3300E-02    2.1200E-02    1.8200E-02    1.5600E-02    1.4200E-02    1.2800E-02    1.1800E-02    1.1700E-02    1.1800E-02    1.2200E-02    )
( -8.0000E+00    1.3240E-01    1.2490E-01    1.2020E-01    1.1295E-01    9.6400E-02    7.5200E-02    2.5300E-02    2.3000E-02    2.2200E-02    2.1300E-02    1.9600E-02    1.7200E-02    1.5500E-02    1.2900E-02    1.1900E-02    1.0700E-02    1.0200E-02    9.7000E-03    9.7000E-03    9.7000E-03    )
( -7.0000E+00    1.2820E-01    1.1910E-01    1.1390E-01    1.0652E-01    9.0600E-02    6.7700E-02    2.1900E-02    2.0300E-02    1.9800E-02    1.8500E-02    1.6800E-02    1.4750E-02    1.3000E-02    1.1300E-02    1.0100E-02    9.1000E-03    8.7000E-03    8.4000E-03    8.3000E-03    8.2000E-03    )
( -6.0000E+00    1.2470E-01    1.1390E-01    1.0790E-01    1.0010E-01    8.2800E-02    5.3200E-02    1.9700E-02    1.7900E-02    1.7500E-02    1.6000E-02    1.4900E-02    1.2300E-02    1.1000E-02    9.8000E-03    9.0000E-03    8.1000E-03    7.7000E-03    7.5000E-03    7.3000E-03    7.3000E-03    )
( -5.0000E+00    1.2200E-01    1.0860E-01    1.0230E-01    9.4800E-02    7.5500E-02    3.6400E-02    1.8600E-02    1.6500E-02    1.5600E-02    1.4400E-02    1.2900E-02    1.1200E-02    9.8000E-03    8.6000E-03    8.2000E-03    7.6000E-03    7.1000E-03    7.1000E-03    7.0000E-03    6.9000E-03    )
( -4.0000E+00    1.1980E-01    1.0370E-01    9.7000E-02    8.9500E-02    6.9500E-02    1.9600E-02    1.7100E-02    1.5100E-02    1.4200E-02    1.2800E-02    1.1700E-02    1.0000E-02    9.2000E-03    8.0000E-03    7.6000E-03    7.2000E-03    7.1000E-03    6.8000E-03    6.7000E-03    6.8000E-03    )
( -3.0000E+00    1.2060E-01    9.9900E-02    9.2100E-02    8.4200E-02    6.7200E-02    1.9500E-02    1.6100E-02    1.4000E-02    1.3100E-02    1.1800E-02    1.0800E-02    9.5000E-03    8.5000E-03    7.8000E-03    7.4000E-03    7.0000E-03    6.9000E-03    6.8000E-03    6.7000E-03    6.6000E-03    )
( -2.0000E+00    1.7540E-01    9.5800E-02    8.7600E-02    7.9400E-02    6.2000E-02    1.8400E-02    1.5600E-02    1.3400E-02    1.2300E-02    1.1000E-02    1.0100E-02    9.0000E-03    8.4000E-03    7.6000E-03    7.4000E-03    6.9000E-03    6.8000E-03    6.7000E-03    6.7000E-03    6.5500E-03    )
( -1.0000E+00    1.7700E-01    9.3500E-02    8.3400E-02    6.6400E-02    5.6700E-02    1.8000E-02    1.5300E-02    1.3000E-02    1.1800E-02    1.0500E-02    9.8000E-03    8.8000E-03    8.3000E-03    7.7000E-03    7.3000E-03    7.0000E-03    6.8000E-03    6.7000E-03    6.5000E-03    6.5000E-03    )
(  0.0000E+00    1.7810E-01    9.0200E-02    8.0200E-02    6.6300E-02    4.8300E-02    1.8100E-02    1.5200E-02    1.2800E-02    1.1700E-02    1.0400E-02    9.6000E-03    8.7000E-03    8.3000E-03    7.7000E-03    7.4000E-03    7.1000E-03    6.9000E-03    6.6000E-03    6.6000E-03    6.5000E-03    )
(  1.0000E+00    1.7920E-01    9.0900E-02    7.7000E-02    6.0800E-02    4.7000E-02    1.7800E-02    1.5200E-02    1.2900E-02    1.1700E-02    1.0400E-02    9.6000E-03    8.8000E-03    8.4000E-03    7.9000E-03    7.5000E-03    7.2000E-03    6.9000E-03    6.9000E-03    6.8000E-03    6.6000E-03    )
(  2.0000E+00    1.8020E-01    9.0000E-02    7.3900E-02    5.5300E-02    4.2900E-02    1.7900E-02    1.5300E-02    1.3000E-02    1.1800E-02    1.0500E-02    9.8000E-03    8.9000E-03    8.5000E-03    8.0000E-03    7.8000E-03    7.3000E-03    7.2000E-03    7.0000E-03    6.9000E-03    6.8000E-03    )
(  3.0000E+00    1.8100E-01    1.0307E-01    7.1200E-02    5.1100E-02    3.5400E-02    1.8300E-02    1.5700E-02    1.3300E-02    1.2000E-02    1.0700E-02    1.0000E-02    9.2000E-03    8.7000E-03    8.3000E-03    7.9000E-03    7.6000E-03    7.4000E-03    7.3000E-03    7.2000E-03    7.1000E-03    )
(  4.0000E+00    1.8180E-01    1.1613E-01    7.0800E-02    4.8200E-02    2.5300E-02    1.8700E-02    1.6100E-02    1.3600E-02    1.2400E-02    1.1100E-02    1.0300E-02    9.5000E-03    9.0000E-03    8.4000E-03    8.2000E-03    7.9000E-03    7.7000E-03    7.6000E-03    7.4000E-03    7.4000E-03    )
(  5.0000E+00    1.8260E-01    1.2920E-01    8.1090E-02    4.3300E-02    2.6400E-02    1.9100E-02    1.6600E-02    1.4200E-02    1.2900E-02    1.1600E-02    1.0700E-02    9.9000E-03    9.4000E-03    8.8500E-03    8.6000E-03    8.2000E-03    8.0000E-03    7.9000E-03    7.9000E-03    7.7000E-03    )
(  6.0000E+00    1.8300E-01    1.4227E-01    9.1380E-02    3.8400E-02    2.6500E-02    2.0000E-02    1.7400E-02    1.5500E-02    1.3600E-02    1.2100E-02    1.1300E-02    1.0300E-02    9.9000E-03    9.3000E-03    8.9000E-03    8.6000E-03    8.4000E-03    8.3000E-03    8.3000E-03    8.3000E-03    )
(  7.0000E+00    1.8340E-01    1.5533E-01    1.0167E-01    4.0500E-02    2.6900E-02    2.1000E-02    1.8800E-02    1.6800E-02    1.5000E-02    1.2900E-02    1.2000E-02    1.1000E-02    1.0400E-02    9.8000E-03    9.6000E-03    9.1000E-03    8.9000E-03    9.0000E-03    8.9000E-03    8.9000E-03    )
(  8.0000E+00    1.8385E-01    1.6840E-01    1.1196E-01    3.9500E-02    2.7700E-02    2.2700E-02    2.0700E-02    1.8100E-02    1.6400E-02    1.4200E-02    1.2900E-02    1.1700E-02    1.1100E-02    1.0500E-02    1.0100E-02    9.7000E-03    9.7000E-03    9.6000E-03    9.5000E-03    9.5000E-03    )
(  9.0000E+00    1.8430E-01    1.6690E-01    1.2225E-01    3.8700E-02    2.9800E-02    2.5000E-02    2.3300E-02    2.0600E-02    1.8700E-02    1.5800E-02    1.4500E-02    1.2900E-02    1.2200E-02    1.1300E-02    1.0900E-02    1.0700E-02    1.0400E-02    1.0600E-02    1.0500E-02    1.0500E-02    )
(  1.0000E+01    1.8470E-01    1.6610E-01    1.3254E-01    4.0200E-02    3.2200E-02    2.7900E-02    2.6500E-02    2.3900E-02    2.1500E-02    1.8300E-02    1.6600E-02    1.4700E-02    1.3600E-02    1.2700E-02    1.2300E-02    1.1800E-02    1.2000E-02    1.1700E-02    1.2000E-02    1.1800E-02    )
(  1.1000E+01    1.8270E-01    1.6040E-01    1.4283E-01    4.4500E-02    3.5500E-02    3.1600E-02    3.0500E-02    2.7900E-02    2.5400E-02    2.1600E-02    1.9500E-02    1.7000E-02    1.5800E-02    1.4800E-02    1.4500E-02    1.4300E-02    1.4450E-02    1.3900E-02    1.3900E-02    1.3200E-02    )
(  1.2000E+01    1.8070E-01    1.6420E-01    1.5312E-01    4.9600E-02    3.9800E-02    3.6000E-02    3.5700E-02    3.3200E-02    3.0700E-02    2.6000E-02    2.3400E-02    2.0400E-02    1.8800E-02    1.8000E-02    1.7700E-02    1.6900E-02    1.6900E-02    1.6600E-02    1.6100E-02    1.5150E-02    )
(  1.3000E+01    1.7870E-01    1.7070E-01    1.6341E-01    5.4700E-02    4.4700E-02    4.2300E-02    4.1800E-02    3.9500E-02    3.6600E-02    3.1600E-02    2.8600E-02    2.4800E-02    2.3900E-02    2.2600E-02    2.2200E-02    2.1200E-02    2.0600E-02    1.9800E-02    1.8800E-02    1.7100E-02    )
(  1.4000E+01    1.8510E-01    1.7800E-01    1.7370E-01    6.0800E-02    5.0800E-02    4.9200E-02    4.8800E-02    4.6900E-02    4.4300E-02    3.8600E-02    3.5100E-02    3.1600E-02    2.9800E-02    2.8600E-02    2.6600E-02    2.5600E-02    2.5000E-02    2.3500E-02    2.2000E-02    2.1500E-02    )
(  1.5000E+01    1.8760E-01    1.8550E-01    1.8310E-01    7.8815E-02    5.7500E-02    5.7200E-02    5.7500E-02    5.5800E-02    5.2900E-02    4.7000E-02    4.3100E-02    3.9800E-02    3.8200E-02    3.5000E-02    3.4000E-02    3.2200E-02    3.0100E-02    2.7800E-02    2.7400E-02    2.6200E-02    )
(  1.6000E+01    1.9570E-01    1.9320E-01    1.9250E-01    9.6831E-02    6.5500E-02    6.7400E-02    6.7500E-02    6.5800E-02    6.2900E-02    5.6900E-02    5.3300E-02    4.9300E-02    4.6600E-02    4.3500E-02    4.1300E-02    3.9300E-02    3.5700E-02    3.4700E-02    3.4200E-02    3.2700E-02    )
(  1.7000E+01    2.0400E-01    2.0210E-01    2.0190E-01    1.1485E-01    8.2000E-02    7.8100E-02    7.8200E-02    7.6600E-02    7.3900E-02    6.8700E-02    6.4600E-02    6.0000E-02    5.6200E-02    5.3400E-02    5.1300E-02    4.6600E-02    4.3700E-02    4.3200E-02    4.1100E-02    4.2050E-02    )
(  1.8000E+01    2.0970E-01    2.1190E-01    2.1130E-01    1.3286E-01    9.5200E-02    8.9100E-02    8.9500E-02    8.8800E-02    8.6500E-02    8.1200E-02    7.7600E-02    7.1500E-02    6.8100E-02    6.4000E-02    6.1400E-02    5.4500E-02    5.4100E-02    5.1200E-02    5.1200E-02    5.1400E-02    )
(  1.9000E+01    2.1820E-01    2.2230E-01    2.2110E-01    1.5088E-01    1.0750E-01    1.0030E-01    1.0130E-01    1.0130E-01    9.9000E-02    9.5100E-02    9.0700E-02    8.4000E-02    8.0300E-02    7.5400E-02    7.1200E-02    6.7200E-02    6.3800E-02    6.3200E-02    6.3500E-02    6.2900E-02    )
(  2.0000E+01    2.2795E-01    2.3085E-01    2.3010E-01    1.6889E-01    1.1940E-01    1.1130E-01    1.1290E-01    1.1360E-01    1.1210E-01    1.0840E-01    1.0310E-01    9.7900E-02    9.3300E-02    8.8000E-02    8.1300E-02    7.9300E-02    7.6600E-02    7.6700E-02    7.5900E-02    7.5500E-02    )
(  2.1000E+01    2.3770E-01    2.3940E-01    2.3970E-01    1.8691E-01    1.3090E-01    1.2190E-01    1.2450E-01    1.2590E-01    1.2470E-01    1.2060E-01    1.1650E-01    1.1010E-01    1.0580E-01    9.8500E-02    9.6200E-02    9.1400E-02    9.1100E-02    9.0100E-02    8.9300E-02    8.8800E-02    )
(  2.2000E+01    2.4750E-01    2.4850E-01    2.4960E-01    2.0492E-01    1.4170E-01    1.3300E-01    1.3570E-01    1.3720E-01    1.3620E-01    1.3350E-01    1.2880E-01    1.2290E-01    1.1830E-01    1.1250E-01    1.0940E-01    1.0670E-01    1.0560E-01    1.0240E-01    1.0170E-01    1.0230E-01    )
(  2.3000E+01    2.5720E-01    2.5780E-01    2.5960E-01    2.2294E-01    1.5410E-01    1.4410E-01    1.4630E-01    1.4810E-01    1.4770E-01    1.4440E-01    1.4140E-01    1.3550E-01    1.3050E-01    1.2550E-01    1.2310E-01    1.1980E-01    1.1670E-01    1.1510E-01    1.1560E-01    1.1470E-01    )
(  2.4000E+01    2.6740E-01    2.6740E-01    2.6880E-01    2.4095E-01    1.7719E-01    1.5560E-01    1.5750E-01    1.5910E-01    1.5880E-01    1.5640E-01    1.5430E-01    1.4750E-01    1.4380E-01    1.3830E-01    1.3630E-01    1.3210E-01    1.3050E-01    1.3020E-01    1.2900E-01    1.2760E-01    )
(  2.5000E+01    2.7720E-01    2.7690E-01    2.7800E-01    2.5897E-01    2.0027E-01    1.6790E-01    1.6820E-01    1.6960E-01    1.6980E-01    1.6750E-01    1.6420E-01    1.5950E-01    1.5520E-01    1.4990E-01    1.4730E-01    1.4420E-01    1.4360E-01    1.4220E-01    1.4080E-01    1.4015E-01    )
(  2.6000E+01    2.8730E-01    2.8640E-01    2.8740E-01    2.7698E-01    2.2336E-01    1.7980E-01    1.7860E-01    1.8040E-01    1.8080E-01    1.7890E-01    1.7580E-01    1.7050E-01    1.6650E-01    1.6150E-01    1.5930E-01    1.5520E-01    1.5530E-01    1.5380E-01    1.5350E-01    1.5270E-01    )
(  2.7000E+01    2.9690E-01    2.9590E-01    2.9680E-01    2.9500E-01    2.4644E-01    1.9240E-01    1.8870E-01    1.9030E-01    1.9110E-01    1.9010E-01    1.8630E-01    1.8140E-01    1.7890E-01    1.7400E-01    1.7000E-01    1.6820E-01    1.6690E-01    1.6470E-01    1.6290E-01    1.6470E-01    )
(  2.8000E+01    3.0540E-01    3.0530E-01    3.0560E-01    3.0440E-01    2.6953E-01    2.0540E-01    1.9590E-01    2.0010E-01    2.0130E-01    1.9930E-01    1.9700E-01    1.9240E-01    1.8910E-01    1.8370E-01    1.8190E-01    1.7940E-01    1.7770E-01    1.7635E-01    1.7710E-01    1.7840E-01    )
(  2.9000E+01    3.1300E-01    3.1440E-01    3.1440E-01    3.1370E-01    2.9261E-01    2.2133E-01    2.0810E-01    2.0960E-01    2.1070E-01    2.0910E-01    2.0800E-01    2.0320E-01    1.9890E-01    1.9420E-01    1.9280E-01    1.9020E-01    1.8915E-01    1.8800E-01    1.8840E-01    1.8860E-01    )
(  3.0000E+01    3.2050E-01    3.2350E-01    3.2250E-01    3.2310E-01    3.1570E-01    2.3727E-01    2.1990E-01    2.2030E-01    2.2020E-01    2.1940E-01    2.1700E-01    2.1290E-01    2.0970E-01    2.0640E-01    2.0350E-01    2.0100E-01    2.0060E-01    2.0110E-01    2.0150E-01    1.9830E-01    )
(  3.1000E+01    3.2740E-01    3.2344E-01    3.3130E-01    3.3105E-01    3.2860E-01    2.5320E-01    2.3200E-01    2.2990E-01    2.2950E-01    2.2930E-01    2.2660E-01    2.2340E-01    2.2090E-01    2.1720E-01    2.1470E-01    2.1110E-01    2.1160E-01    2.1190E-01    2.1130E-01    2.0720E-01    )
(  3.2000E+01    3.3470E-01    3.2338E-01    3.4050E-01    3.3900E-01    3.3690E-01    2.6562E-01    2.4400E-01    2.3840E-01    2.3930E-01    2.3840E-01    2.3770E-01    2.3410E-01    2.3140E-01    2.2630E-01    2.2440E-01    2.2250E-01    2.2250E-01    2.2140E-01    2.2060E-01    2.1590E-01    )
(  3.3000E+01    3.4490E-01    3.2332E-01    3.4780E-01    3.4820E-01    3.4520E-01    2.7803E-01    2.5640E-01    2.4790E-01    2.4860E-01    2.4830E-01    2.4730E-01    2.4360E-01    2.4090E-01    2.3640E-01    2.3480E-01    2.3335E-01    2.3350E-01    2.3070E-01    2.2910E-01    2.2410E-01    )
(  3.4000E+01    3.5570E-01    3.2326E-01    3.5550E-01    3.2340E-01    3.5350E-01    2.9045E-01    2.6030E-01    2.5870E-01    2.5770E-01    2.5830E-01    2.5660E-01    2.5300E-01    2.5090E-01    2.4590E-01    2.4540E-01    2.4420E-01    2.4320E-01    2.3930E-01    2.3740E-01    2.3680E-01    )
(  3.5000E+01    3.5458E-01    3.2320E-01    3.6420E-01    3.3470E-01    3.6180E-01    3.0287E-01    2.7990E-01    2.6820E-01    2.6730E-01    2.6720E-01    2.6610E-01    2.6275E-01    2.5950E-01    2.5810E-01    2.5630E-01    2.5330E-01    2.5140E-01    2.4720E-01    2.4550E-01    2.4840E-01    )
(  3.6000E+01    3.5345E-01    3.3240E-01    3.5525E-01    3.4327E-01    3.6548E-01    3.1528E-01    2.9504E-01    2.7530E-01    2.7680E-01    2.7620E-01    2.7610E-01    2.7250E-01    2.6970E-01    2.6740E-01    2.6650E-01    2.6240E-01    2.5960E-01    2.5510E-01    2.5640E-01    2.6100E-01    )
(  3.7000E+01    3.5232E-01    3.4010E-01    3.4630E-01    3.5183E-01    3.6916E-01    3.2770E-01    3.1017E-01    2.8570E-01    2.8570E-01    2.8550E-01    2.8410E-01    2.8225E-01    2.8120E-01    2.7635E-01    2.7500E-01    2.7030E-01    2.6760E-01    2.6880E-01    2.7030E-01    2.6950E-01    )
(  3.8000E+01    3.5120E-01    3.4780E-01    3.5610E-01    3.6040E-01    3.7284E-01    3.4012E-01    3.2531E-01    2.9710E-01    2.9230E-01    2.9460E-01    2.9340E-01    2.9200E-01    2.9000E-01    2.8530E-01    2.8400E-01    2.7780E-01    2.7790E-01    2.7940E-01    2.7940E-01    2.7760E-01    )
(  3.9000E+01    3.6300E-01    3.6140E-01    3.6480E-01    3.7040E-01    3.7652E-01    3.5253E-01    3.4045E-01    3.0570E-01    3.0320E-01    3.0230E-01    3.0220E-01    3.0010E-01    2.9880E-01    2.9670E-01    2.9180E-01    2.8710E-01    2.8840E-01    2.8830E-01    2.8720E-01    2.8610E-01    )
(  4.0000E+01    3.7470E-01    3.7370E-01    3.7030E-01    3.7470E-01    3.8020E-01    3.6495E-01    3.5559E-01    3.1350E-01    3.1080E-01    3.0940E-01    3.0920E-01    3.0830E-01    3.0630E-01    3.0220E-01    2.9930E-01    3.0050E-01    3.0030E-01    2.9640E-01    2.9500E-01    2.9420E-01    )
(  4.1000E+01    3.8520E-01    3.8330E-01    3.8340E-01    3.8530E-01    3.8380E-01    3.7737E-01    3.7073E-01    3.2710E-01    3.1770E-01    3.1750E-01    3.1720E-01    3.1560E-01    3.1520E-01    3.0890E-01    3.0850E-01    3.0870E-01    3.0520E-01    3.0370E-01    3.0320E-01    3.0240E-01    )
(  4.2000E+01    3.9370E-01    3.9430E-01    3.9340E-01    3.9180E-01    3.9550E-01    3.8978E-01    3.8586E-01    3.4850E-01    3.2690E-01    3.2270E-01    3.2420E-01    3.2360E-01    3.1970E-01    3.1800E-01    3.1800E-01    3.1710E-01    3.1240E-01    3.1130E-01    3.1080E-01    3.0650E-01    )
(  4.3000E+01    4.0270E-01    4.0210E-01    4.0200E-01    4.0080E-01    3.9740E-01    4.0220E-01    4.0100E-01    3.6990E-01    3.3140E-01    3.3100E-01    3.3010E-01    3.2860E-01    3.2940E-01    3.2720E-01    3.2590E-01    3.2390E-01    3.1950E-01    3.1910E-01    3.1840E-01    3.1350E-01    )
(  4.4000E+01    4.1170E-01    4.1030E-01    4.1020E-01    4.0960E-01    4.0930E-01    4.0855E-01    4.0280E-01    3.9130E-01    3.3590E-01    3.3930E-01    3.3600E-01    3.3360E-01    3.3910E-01    3.3430E-01    3.3400E-01    3.2800E-01    3.2700E-01    3.2640E-01    3.2260E-01    3.2010E-01    )
(  4.5000E+01    4.2070E-01    4.1660E-01    4.1640E-01    4.1600E-01    4.1310E-01    4.1490E-01    4.1450E-01    4.1270E-01    3.4040E-01    3.4760E-01    3.4190E-01    3.3860E-01    3.4880E-01    3.4140E-01    3.4210E-01    3.3210E-01    3.3420E-01    3.3040E-01    3.2860E-01    3.2670E-01    )
