Export File Created with QBlade v0.963 64bit on 28.06.2018 at 13:41:26
                                                                                                                                                                                                                                                                                                                                                                                                                                                                                                                                                                                                                                
 pos [m] Theta pos [m] Theta pos [m] Theta pos [m] Theta pos [m] Theta pos [m] Theta pos [m] Theta pos [m] Theta pos [m] Theta pos [m] Theta pos [m] Theta pos [m] Theta pos [m] Theta pos [m] Theta pos [m] Theta pos [m] Theta pos [m] Theta pos [m] Theta pos [m] Theta
     1.59023e+00     1.30800e+01     1.59023e+00     1.30800e+01     1.59023e+00     1.30800e+01     1.59023e+00     1.30800e+01     1.59023e+00     1.30800e+01     1.59023e+00     1.30800e+01     1.59023e+00     1.30800e+01     1.59023e+00     1.30800e+01     1.59023e+00     1.30800e+01     1.59023e+00     1.30800e+01     1.59023e+00     1.30800e+01     1.59023e+00     1.30800e+01     1.59023e+00     1.30800e+01     1.59023e+00     1.30800e+01     1.59023e+00     1.30800e+01     1.59023e+00     1.30800e+01     1.59023e+00     1.30800e+01     1.59023e+00     1.30800e+01     1.59023e+00     1.30800e+01
     1.86038e+00     1.30800e+01     1.86038e+00     1.30800e+01     1.86038e+00     1.30800e+01     1.86038e+00     1.30800e+01     1.86038e+00     1.30800e+01     1.86038e+00     1.30800e+01     1.86038e+00     1.30800e+01     1.86038e+00     1.30800e+01     1.86038e+00     1.30800e+01     1.86038e+00     1.30800e+01     1.86038e+00     1.30800e+01     1.86038e+00     1.30800e+01     1.86038e+00     1.30800e+01     1.86038e+00     1.30800e+01     1.86038e+00     1.30800e+01     1.86038e+00     1.30800e+01     1.86038e+00     1.30800e+01     1.86038e+00     1.30800e+01     1.86038e+00     1.30800e+01
     2.30887e+00     1.30800e+01     2.30887e+00     1.30800e+01     2.30887e+00     1.30800e+01     2.30887e+00     1.30800e+01     2.30887e+00     1.30800e+01     2.30887e+00     1.30800e+01     2.30887e+00     1.30800e+01     2.30887e+00     1.30800e+01     2.30887e+00     1.30800e+01     2.30887e+00     1.30800e+01     2.30887e+00     1.30800e+01     2.30887e+00     1.30800e+01     2.30887e+00     1.30800e+01     2.30887e+00     1.30800e+01     2.30887e+00     1.30800e+01     2.30887e+00     1.30800e+01     2.30887e+00     1.30800e+01     2.30887e+00     1.30800e+01     2.30887e+00     1.30800e+01
     2.93306e+00     1.30800e+01     2.93306e+00     1.30800e+01     2.93306e+00     1.30800e+01     2.93306e+00     1.30800e+01     2.93306e+00     1.30800e+01     2.93306e+00     1.30800e+01     2.93306e+00     1.30800e+01     2.93306e+00     1.30800e+01     2.93306e+00     1.30800e+01     2.93306e+00     1.30800e+01     2.93306e+00     1.30800e+01     2.93306e+00     1.30800e+01     2.93306e+00     1.30800e+01     2.93306e+00     1.30800e+01     2.93306e+00     1.30800e+01     2.93306e+00     1.30800e+01     2.93306e+00     1.30800e+01     2.93306e+00     1.30800e+01     2.93306e+00     1.30800e+01
     3.72930e+00     1.30800e+01     3.72930e+00     1.30800e+01     3.72930e+00     1.30800e+01     3.72930e+00     1.30800e+01     3.72930e+00     1.30800e+01     3.72930e+00     1.30800e+01     3.72930e+00     1.30800e+01     3.72930e+00     1.30800e+01     3.72930e+00     1.30800e+01     3.72930e+00     1.30800e+01     3.72930e+00     1.30800e+01     3.72930e+00     1.30800e+01     3.72930e+00     1.30800e+01     3.72930e+00     1.30800e+01     3.72930e+00     1.30800e+01     3.72930e+00     1.30800e+01     3.72930e+00     1.30800e+01     3.72930e+00     1.30800e+01     3.72930e+00     1.30800e+01
     4.69291e+00     1.30800e+01     4.69291e+00     1.30800e+01     4.69291e+00     1.30800e+01     4.69291e+00     1.30800e+01     4.69291e+00     1.30800e+01     4.69291e+00     1.30800e+01     4.69291e+00     1.30800e+01     4.69291e+00     1.30800e+01     4.69291e+00     1.30800e+01     4.69291e+00     1.30800e+01     4.69291e+00     1.30800e+01     4.69291e+00     1.30800e+01     4.69291e+00     1.30800e+01     4.69291e+00     1.30800e+01     4.69291e+00     1.30800e+01     4.69291e+00     1.30800e+01     4.69291e+00     1.30800e+01     4.69291e+00     1.30800e+01     4.69291e+00     1.30800e+01
     5.81823e+00     1.30800e+01     5.81823e+00     1.30800e+01     5.81823e+00     1.30800e+01     5.81823e+00     1.30800e+01     5.81823e+00     1.30800e+01     5.81823e+00     1.30800e+01     5.81823e+00     1.30800e+01     5.81823e+00     1.30800e+01     5.81823e+00     1.30800e+01     5.81823e+00     1.30800e+01     5.81823e+00     1.30800e+01     5.81823e+00     1.30800e+01     5.81823e+00     1.30800e+01     5.81823e+00     1.30800e+01     5.81823e+00     1.30800e+01     5.81823e+00     1.30800e+01     5.81823e+00     1.30800e+01     5.81823e+00     1.30800e+01     5.81823e+00     1.30800e+01
     7.09867e+00     1.30800e+01     7.09867e+00     1.30800e+01     7.09867e+00     1.30800e+01     7.09867e+00     1.30800e+01     7.09867e+00     1.30800e+01     7.09867e+00     1.30800e+01     7.09867e+00     1.30800e+01     7.09867e+00     1.30800e+01     7.09867e+00     1.30800e+01     7.09867e+00     1.30800e+01     7.09867e+00     1.30800e+01     7.09867e+00     1.30800e+01     7.09867e+00     1.30800e+01     7.09867e+00     1.30800e+01     7.09867e+00     1.30800e+01     7.09867e+00     1.30800e+01     7.09867e+00     1.30800e+01     7.09867e+00     1.30800e+01     7.09867e+00     1.30800e+01
     8.52671e+00     1.30800e+01     8.52671e+00     1.30800e+01     8.52671e+00     1.30800e+01     8.52671e+00     1.30800e+01     8.52671e+00     1.30800e+01     8.52671e+00     1.30800e+01     8.52671e+00     1.30800e+01     8.52671e+00     1.30800e+01     8.52671e+00     1.30800e+01     8.52671e+00     1.30800e+01     8.52671e+00     1.30800e+01     8.52671e+00     1.30800e+01     8.52671e+00     1.30800e+01     8.52671e+00     1.30800e+01     8.52671e+00     1.30800e+01     8.52671e+00     1.30800e+01     8.52671e+00     1.30800e+01     8.52671e+00     1.30800e+01     8.52671e+00     1.30800e+01
     1.00940e+01     1.30800e+01     1.00940e+01     1.30800e+01     1.00940e+01     1.30800e+01     1.00940e+01     1.30800e+01     1.00940e+01     1.30800e+01     1.00940e+01     1.30800e+01     1.00940e+01     1.30800e+01     1.00940e+01     1.30800e+01     1.00940e+01     1.30800e+01     1.00940e+01     1.30800e+01     1.00940e+01     1.30800e+01     1.00940e+01     1.30800e+01     1.00940e+01     1.30800e+01     1.00940e+01     1.30800e+01     1.00940e+01     1.30800e+01     1.00940e+01     1.30800e+01     1.00940e+01     1.30800e+01     1.00940e+01     1.30800e+01     1.00940e+01     1.30800e+01
     1.17912e+01     1.30639e+01     1.17912e+01     1.30639e+01     1.17912e+01     1.30639e+01     1.17912e+01     1.30639e+01     1.17912e+01     1.30639e+01     1.17912e+01     1.30639e+01     1.17912e+01     1.30639e+01     1.17912e+01     1.30639e+01     1.17912e+01     1.30639e+01     1.17912e+01     1.30639e+01     1.17912e+01     1.30639e+01     1.17912e+01     1.30639e+01     1.17912e+01     1.30639e+01     1.17912e+01     1.30639e+01     1.17912e+01     1.30639e+01     1.17912e+01     1.30639e+01     1.17912e+01     1.30639e+01     1.17912e+01     1.30639e+01     1.17912e+01     1.30639e+01
     1.36086e+01     1.23547e+01     1.36086e+01     1.23547e+01     1.36086e+01     1.23547e+01     1.36086e+01     1.23547e+01     1.36086e+01     1.23547e+01     1.36086e+01     1.23547e+01     1.36086e+01     1.23547e+01     1.36086e+01     1.23547e+01     1.36086e+01     1.23547e+01     1.36086e+01     1.23547e+01     1.36086e+01     1.23547e+01     1.36086e+01     1.23547e+01     1.36086e+01     1.23547e+01     1.36086e+01     1.23547e+01     1.36086e+01     1.23547e+01     1.36086e+01     1.23547e+01     1.36086e+01     1.23547e+01     1.36086e+01     1.23547e+01     1.36086e+01     1.23547e+01
     1.55353e+01     1.16028e+01     1.55353e+01     1.16028e+01     1.55353e+01     1.16028e+01     1.55353e+01     1.16028e+01     1.55353e+01     1.16028e+01     1.55353e+01     1.16028e+01     1.55353e+01     1.16028e+01     1.55353e+01     1.16028e+01     1.55353e+01     1.16028e+01     1.55353e+01     1.16028e+01     1.55353e+01     1.16028e+01     1.55353e+01     1.16028e+01     1.55353e+01     1.16028e+01     1.55353e+01     1.16028e+01     1.55353e+01     1.16028e+01     1.55353e+01     1.16028e+01     1.55353e+01     1.16028e+01     1.55353e+01     1.16028e+01     1.55353e+01     1.16028e+01
     1.75601e+01     1.09294e+01     1.75601e+01     1.09294e+01     1.75601e+01     1.09294e+01     1.75601e+01     1.09294e+01     1.75601e+01     1.09294e+01     1.75601e+01     1.09294e+01     1.75601e+01     1.09294e+01     1.75601e+01     1.09294e+01     1.75601e+01     1.09294e+01     1.75601e+01     1.09294e+01     1.75601e+01     1.09294e+01     1.75601e+01     1.09294e+01     1.75601e+01     1.09294e+01     1.75601e+01     1.09294e+01     1.75601e+01     1.09294e+01     1.75601e+01     1.09294e+01     1.75601e+01     1.09294e+01     1.75601e+01     1.09294e+01     1.75601e+01     1.09294e+01
     1.96711e+01     1.02498e+01     1.96711e+01     1.02498e+01     1.96711e+01     1.02498e+01     1.96711e+01     1.02498e+01     1.96711e+01     1.02498e+01     1.96711e+01     1.02498e+01     1.96711e+01     1.02498e+01     1.96711e+01     1.02498e+01     1.96711e+01     1.02498e+01     1.96711e+01     1.02498e+01     1.96711e+01     1.02498e+01     1.96711e+01     1.02498e+01     1.96711e+01     1.02498e+01     1.96711e+01     1.02498e+01     1.96711e+01     1.02498e+01     1.96711e+01     1.02498e+01     1.96711e+01     1.02498e+01     1.96711e+01     1.02498e+01     1.96711e+01     1.02498e+01
     2.18560e+01     9.62586e+00     2.18560e+01     9.62586e+00     2.18560e+01     9.62586e+00     2.18560e+01     9.62586e+00     2.18560e+01     9.62586e+00     2.18560e+01     9.62586e+00     2.18560e+01     9.62586e+00     2.18560e+01     9.62586e+00     2.18560e+01     9.62586e+00     2.18560e+01     9.62586e+00     2.18560e+01     9.62586e+00     2.18560e+01     9.62586e+00     2.18560e+01     9.62586e+00     2.18560e+01     9.62586e+00     2.18560e+01     9.62586e+00     2.18560e+01     9.62586e+00     2.18560e+01     9.62586e+00     2.18560e+01     9.62586e+00     2.18560e+01     9.62586e+00
     2.41018e+01     8.99563e+00     2.41018e+01     8.99563e+00     2.41018e+01     8.99563e+00     2.41018e+01     8.99563e+00     2.41018e+01     8.99563e+00     2.41018e+01     8.99563e+00     2.41018e+01     8.99563e+00     2.41018e+01     8.99563e+00     2.41018e+01     8.99563e+00     2.41018e+01     8.99563e+00     2.41018e+01     8.99563e+00     2.41018e+01     8.99563e+00     2.41018e+01     8.99563e+00     2.41018e+01     8.99563e+00     2.41018e+01     8.99563e+00     2.41018e+01     8.99563e+00     2.41018e+01     8.99563e+00     2.41018e+01     8.99563e+00     2.41018e+01     8.99563e+00
     2.63955e+01     8.31537e+00     2.63955e+01     8.31537e+00     2.63955e+01     8.31537e+00     2.63955e+01     8.31537e+00     2.63955e+01     8.31537e+00     2.63955e+01     8.31537e+00     2.63955e+01     8.31537e+00     2.63955e+01     8.31537e+00     2.63955e+01     8.31537e+00     2.63955e+01     8.31537e+00     2.63955e+01     8.31537e+00     2.63955e+01     8.31537e+00     2.63955e+01     8.31537e+00     2.63955e+01     8.31537e+00     2.63955e+01     8.31537e+00     2.63955e+01     8.31537e+00     2.63955e+01     8.31537e+00     2.63955e+01     8.31537e+00     2.63955e+01     8.31537e+00
     2.87235e+01     7.62002e+00     2.87235e+01     7.62002e+00     2.87235e+01     7.62002e+00     2.87235e+01     7.62002e+00     2.87235e+01     7.62002e+00     2.87235e+01     7.62002e+00     2.87235e+01     7.62002e+00     2.87235e+01     7.62002e+00     2.87235e+01     7.62002e+00     2.87235e+01     7.62002e+00     2.87235e+01     7.62002e+00     2.87235e+01     7.62002e+00     2.87235e+01     7.62002e+00     2.87235e+01     7.62002e+00     2.87235e+01     7.62002e+00     2.87235e+01     7.62002e+00     2.87235e+01     7.62002e+00     2.87235e+01     7.62002e+00     2.87235e+01     7.62002e+00
     3.10722e+01     6.90338e+00     3.10722e+01     6.90338e+00     3.10722e+01     6.90338e+00     3.10722e+01     6.90338e+00     3.10722e+01     6.90338e+00     3.10722e+01     6.90338e+00     3.10722e+01     6.90338e+00     3.10722e+01     6.90338e+00     3.10722e+01     6.90338e+00     3.10722e+01     6.90338e+00     3.10722e+01     6.90338e+00     3.10722e+01     6.90338e+00     3.10722e+01     6.90338e+00     3.10722e+01     6.90338e+00     3.10722e+01     6.90338e+00     3.10722e+01     6.90338e+00     3.10722e+01     6.90338e+00     3.10722e+01     6.90338e+00     3.10722e+01     6.90338e+00
     3.34278e+01     6.20416e+00     3.34278e+01     6.20416e+00     3.34278e+01     6.20416e+00     3.34278e+01     6.20416e+00     3.34278e+01     6.20416e+00     3.34278e+01     6.20416e+00     3.34278e+01     6.20416e+00     3.34278e+01     6.20416e+00     3.34278e+01     6.20416e+00     3.34278e+01     6.20416e+00     3.34278e+01     6.20416e+00     3.34278e+01     6.20416e+00     3.34278e+01     6.20416e+00     3.34278e+01     6.20416e+00     3.34278e+01     6.20416e+00     3.34278e+01     6.20416e+00     3.34278e+01     6.20416e+00     3.34278e+01     6.20416e+00     3.34278e+01     6.20416e+00
     3.57765e+01     5.52647e+00     3.57765e+01     5.52647e+00     3.57765e+01     5.52647e+00     3.57765e+01     5.52647e+00     3.57765e+01     5.52647e+00     3.57765e+01     5.52647e+00     3.57765e+01     5.52647e+00     3.57765e+01     5.52647e+00     3.57765e+01     5.52647e+00     3.57765e+01     5.52647e+00     3.57765e+01     5.52647e+00     3.57765e+01     5.52647e+00     3.57765e+01     5.52647e+00     3.57765e+01     5.52647e+00     3.57765e+01     5.52647e+00     3.57765e+01     5.52647e+00     3.57765e+01     5.52647e+00     3.57765e+01     5.52647e+00     3.57765e+01     5.52647e+00
     3.81045e+01     4.85903e+00     3.81045e+01     4.85903e+00     3.81045e+01     4.85903e+00     3.81045e+01     4.85903e+00     3.81045e+01     4.85903e+00     3.81045e+01     4.85903e+00     3.81045e+01     4.85903e+00     3.81045e+01     4.85903e+00     3.81045e+01     4.85903e+00     3.81045e+01     4.85903e+00     3.81045e+01     4.85903e+00     3.81045e+01     4.85903e+00     3.81045e+01     4.85903e+00     3.81045e+01     4.85903e+00     3.81045e+01     4.85903e+00     3.81045e+01     4.85903e+00     3.81045e+01     4.85903e+00     3.81045e+01     4.85903e+00     3.81045e+01     4.85903e+00
     4.03982e+01     4.20283e+00     4.03982e+01     4.20283e+00     4.03982e+01     4.20283e+00     4.03982e+01     4.20283e+00     4.03982e+01     4.20283e+00     4.03982e+01     4.20283e+00     4.03982e+01     4.20283e+00     4.03982e+01     4.20283e+00     4.03982e+01     4.20283e+00     4.03982e+01     4.20283e+00     4.03982e+01     4.20283e+00     4.03982e+01     4.20283e+00     4.03982e+01     4.20283e+00     4.03982e+01     4.20283e+00     4.03982e+01     4.20283e+00     4.03982e+01     4.20283e+00     4.03982e+01     4.20283e+00     4.03982e+01     4.20283e+00     4.03982e+01     4.20283e+00
     4.26440e+01     3.61916e+00     4.26440e+01     3.61916e+00     4.26440e+01     3.61916e+00     4.26440e+01     3.61916e+00     4.26440e+01     3.61916e+00     4.26440e+01     3.61916e+00     4.26440e+01     3.61916e+00     4.26440e+01     3.61916e+00     4.26440e+01     3.61916e+00     4.26440e+01     3.61916e+00     4.26440e+01     3.61916e+00     4.26440e+01     3.61916e+00     4.26440e+01     3.61916e+00     4.26440e+01     3.61916e+00     4.26440e+01     3.61916e+00     4.26440e+01     3.61916e+00     4.26440e+01     3.61916e+00     4.26440e+01     3.61916e+00     4.26440e+01     3.61916e+00
     4.48289e+01     3.07018e+00     4.48289e+01     3.07018e+00     4.48289e+01     3.07018e+00     4.48289e+01     3.07018e+00     4.48289e+01     3.07018e+00     4.48289e+01     3.07018e+00     4.48289e+01     3.07018e+00     4.48289e+01     3.07018e+00     4.48289e+01     3.07018e+00     4.48289e+01     3.07018e+00     4.48289e+01     3.07018e+00     4.48289e+01     3.07018e+00     4.48289e+01     3.07018e+00     4.48289e+01     3.07018e+00     4.48289e+01     3.07018e+00     4.48289e+01     3.07018e+00     4.48289e+01     3.07018e+00     4.48289e+01     3.07018e+00     4.48289e+01     3.07018e+00
     4.69399e+01     2.65518e+00     4.69399e+01     2.65518e+00     4.69399e+01     2.65518e+00     4.69399e+01     2.65518e+00     4.69399e+01     2.65518e+00     4.69399e+01     2.65518e+00     4.69399e+01     2.65518e+00     4.69399e+01     2.65518e+00     4.69399e+01     2.65518e+00     4.69399e+01     2.65518e+00     4.69399e+01     2.65518e+00     4.69399e+01     2.65518e+00     4.69399e+01     2.65518e+00     4.69399e+01     2.65518e+00     4.69399e+01     2.65518e+00     4.69399e+01     2.65518e+00     4.69399e+01     2.65518e+00     4.69399e+01     2.65518e+00     4.69399e+01     2.65518e+00
     4.89647e+01     2.25813e+00     4.89647e+01     2.25813e+00     4.89647e+01     2.25813e+00     4.89647e+01     2.25813e+00     4.89647e+01     2.25813e+00     4.89647e+01     2.25813e+00     4.89647e+01     2.25813e+00     4.89647e+01     2.25813e+00     4.89647e+01     2.25813e+00     4.89647e+01     2.25813e+00     4.89647e+01     2.25813e+00     4.89647e+01     2.25813e+00     4.89647e+01     2.25813e+00     4.89647e+01     2.25813e+00     4.89647e+01     2.25813e+00     4.89647e+01     2.25813e+00     4.89647e+01     2.25813e+00     4.89647e+01     2.25813e+00     4.89647e+01     2.25813e+00
     5.08914e+01     1.88547e+00     5.08914e+01     1.88547e+00     5.08914e+01     1.88547e+00     5.08914e+01     1.88547e+00     5.08914e+01     1.88547e+00     5.08914e+01     1.88547e+00     5.08914e+01     1.88547e+00     5.08914e+01     1.88547e+00     5.08914e+01     1.88547e+00     5.08914e+01     1.88547e+00     5.08914e+01     1.88547e+00     5.08914e+01     1.88547e+00     5.08914e+01     1.88547e+00     5.08914e+01     1.88547e+00     5.08914e+01     1.88547e+00     5.08914e+01     1.88547e+00     5.08914e+01     1.88547e+00     5.08914e+01     1.88547e+00     5.08914e+01     1.88547e+00
     5.27088e+01     1.53398e+00     5.27088e+01     1.53398e+00     5.27088e+01     1.53398e+00     5.27088e+01     1.53398e+00     5.27088e+01     1.53398e+00     5.27088e+01     1.53398e+00     5.27088e+01     1.53398e+00     5.27088e+01     1.53398e+00     5.27088e+01     1.53398e+00     5.27088e+01     1.53398e+00     5.27088e+01     1.53398e+00     5.27088e+01     1.53398e+00     5.27088e+01     1.53398e+00     5.27088e+01     1.53398e+00     5.27088e+01     1.53398e+00     5.27088e+01     1.53398e+00     5.27088e+01     1.53398e+00     5.27088e+01     1.53398e+00     5.27088e+01     1.53398e+00
     5.44060e+01     1.20496e+00     5.44060e+01     1.20496e+00     5.44060e+01     1.20496e+00     5.44060e+01     1.20496e+00     5.44060e+01     1.20496e+00     5.44060e+01     1.20496e+00     5.44060e+01     1.20496e+00     5.44060e+01     1.20496e+00     5.44060e+01     1.20496e+00     5.44060e+01     1.20496e+00     5.44060e+01     1.20496e+00     5.44060e+01     1.20496e+00     5.44060e+01     1.20496e+00     5.44060e+01     1.20496e+00     5.44060e+01     1.20496e+00     5.44060e+01     1.20496e+00     5.44060e+01     1.20496e+00     5.44060e+01     1.20496e+00     5.44060e+01     1.20496e+00
     5.59733e+01     9.01133e-01     5.59733e+01     9.01133e-01     5.59733e+01     9.01133e-01     5.59733e+01     9.01133e-01     5.59733e+01     9.01133e-01     5.59733e+01     9.01133e-01     5.59733e+01     9.01133e-01     5.59733e+01     9.01133e-01     5.59733e+01     9.01133e-01     5.59733e+01     9.01133e-01     5.59733e+01     9.01133e-01     5.59733e+01     9.01133e-01     5.59733e+01     9.01133e-01     5.59733e+01     9.01133e-01     5.59733e+01     9.01133e-01     5.59733e+01     9.01133e-01     5.59733e+01     9.01133e-01     5.59733e+01     9.01133e-01     5.59733e+01     9.01133e-01
     5.74013e+01     6.40639e-01     5.74013e+01     6.40639e-01     5.74013e+01     6.40639e-01     5.74013e+01     6.40639e-01     5.74013e+01     6.40639e-01     5.74013e+01     6.40639e-01     5.74013e+01     6.40639e-01     5.74013e+01     6.40639e-01     5.74013e+01     6.40639e-01     5.74013e+01     6.40639e-01     5.74013e+01     6.40639e-01     5.74013e+01     6.40639e-01     5.74013e+01     6.40639e-01     5.74013e+01     6.40639e-01     5.74013e+01     6.40639e-01     5.74013e+01     6.40639e-01     5.74013e+01     6.40639e-01     5.74013e+01     6.40639e-01     5.74013e+01     6.40639e-01
     5.86818e+01     4.09410e-01     5.86818e+01     4.09410e-01     5.86818e+01     4.09410e-01     5.86818e+01     4.09410e-01     5.86818e+01     4.09410e-01     5.86818e+01     4.09410e-01     5.86818e+01     4.09410e-01     5.86818e+01     4.09410e-01     5.86818e+01     4.09410e-01     5.86818e+01     4.09410e-01     5.86818e+01     4.09410e-01     5.86818e+01     4.09410e-01     5.86818e+01     4.09410e-01     5.86818e+01     4.09410e-01     5.86818e+01     4.09410e-01     5.86818e+01     4.09410e-01     5.86818e+01     4.09410e-01     5.86818e+01     4.09410e-01     5.86818e+01     4.09410e-01
     5.98071e+01     3.00224e-01     5.98071e+01     3.00224e-01     5.98071e+01     3.00224e-01     5.98071e+01     3.00224e-01     5.98071e+01     3.00224e-01     5.98071e+01     3.00224e-01     5.98071e+01     3.00224e-01     5.98071e+01     3.00224e-01     5.98071e+01     3.00224e-01     5.98071e+01     3.00224e-01     5.98071e+01     3.00224e-01     5.98071e+01     3.00224e-01     5.98071e+01     3.00224e-01     5.98071e+01     3.00224e-01     5.98071e+01     3.00224e-01     5.98071e+01     3.00224e-01     5.98071e+01     3.00224e-01     5.98071e+01     3.00224e-01     5.98071e+01     3.00224e-01
     6.07707e+01     2.26100e-01     6.07707e+01     2.26100e-01     6.07707e+01     2.26100e-01     6.07707e+01     2.26100e-01     6.07707e+01     2.26100e-01     6.07707e+01     2.26100e-01     6.07707e+01     2.26100e-01     6.07707e+01     2.26100e-01     6.07707e+01     2.26100e-01     6.07707e+01     2.26100e-01     6.07707e+01     2.26100e-01     6.07707e+01     2.26100e-01     6.07707e+01     2.26100e-01     6.07707e+01     2.26100e-01     6.07707e+01     2.26100e-01     6.07707e+01     2.26100e-01     6.07707e+01     2.26100e-01     6.07707e+01     2.26100e-01     6.07707e+01     2.26100e-01
     6.15669e+01     1.64851e-01     6.15669e+01     1.64851e-01     6.15669e+01     1.64851e-01     6.15669e+01     1.64851e-01     6.15669e+01     1.64851e-01     6.15669e+01     1.64851e-01     6.15669e+01     1.64851e-01     6.15669e+01     1.64851e-01     6.15669e+01     1.64851e-01     6.15669e+01     1.64851e-01     6.15669e+01     1.64851e-01     6.15669e+01     1.64851e-01     6.15669e+01     1.64851e-01     6.15669e+01     1.64851e-01     6.15669e+01     1.64851e-01     6.15669e+01     1.64851e-01     6.15669e+01     1.64851e-01     6.15669e+01     1.64851e-01     6.15669e+01     1.64851e-01
     6.21911e+01     9.44661e-02     6.21911e+01     9.44661e-02     6.21911e+01     9.44661e-02     6.21911e+01     9.44661e-02     6.21911e+01     9.44661e-02     6.21911e+01     9.44661e-02     6.21911e+01     9.44661e-02     6.21911e+01     9.44661e-02     6.21911e+01     9.44661e-02     6.21911e+01     9.44661e-02     6.21911e+01     9.44661e-02     6.21911e+01     9.44661e-02     6.21911e+01     9.44661e-02     6.21911e+01     9.44661e-02     6.21911e+01     9.44661e-02     6.21911e+01     9.44661e-02     6.21911e+01     9.44661e-02     6.21911e+01     9.44661e-02     6.21911e+01     9.44661e-02
     6.26396e+01     4.20879e-02     6.26396e+01     4.20879e-02     6.26396e+01     4.20879e-02     6.26396e+01     4.20879e-02     6.26396e+01     4.20879e-02     6.26396e+01     4.20879e-02     6.26396e+01     4.20879e-02     6.26396e+01     4.20879e-02     6.26396e+01     4.20879e-02     6.26396e+01     4.20879e-02     6.26396e+01     4.20879e-02     6.26396e+01     4.20879e-02     6.26396e+01     4.20879e-02     6.26396e+01     4.20879e-02     6.26396e+01     4.20879e-02     6.26396e+01     4.20879e-02     6.26396e+01     4.20879e-02     6.26396e+01     4.20879e-02     6.26396e+01     4.20879e-02
     6.29098e+01     1.05374e-02     6.29098e+01     1.05374e-02     6.29098e+01     1.05374e-02     6.29098e+01     1.05374e-02     6.29098e+01     1.05374e-02     6.29098e+01     1.05374e-02     6.29098e+01     1.05374e-02     6.29098e+01     1.05374e-02     6.29098e+01     1.05374e-02     6.29098e+01     1.05374e-02     6.29098e+01     1.05374e-02     6.29098e+01     1.05374e-02     6.29098e+01     1.05374e-02     6.29098e+01     1.05374e-02     6.29098e+01     1.05374e-02     6.29098e+01     1.05374e-02     6.29098e+01     1.05374e-02     6.29098e+01     1.05374e-02     6.29098e+01     1.05374e-02

