Export File Created with QBlade v0.963 64bit on 19.06.2018 at 14:47:31
                                                                                                                                                                                                                                                                                                                                                                                                                                                                                                                                                                                                                                
 pos [m] Drag Coeff pos [m] Drag Coeff pos [m] Drag Coeff pos [m] Drag Coeff pos [m] Drag Coeff pos [m] Drag Coeff pos [m] Drag Coeff pos [m] Drag Coeff pos [m] Drag Coeff pos [m] Drag Coeff pos [m] Drag Coeff pos [m] Drag Coeff pos [m] Drag Coeff pos [m] Drag Coeff pos [m] Drag Coeff pos [m] Drag Coeff pos [m] Drag Coeff pos [m] Drag Coeff pos [m] Drag Coeff
     1.59023e+00     5.00000e-01     1.59023e+00     5.00000e-01     1.59023e+00     5.00000e-01     1.59023e+00     5.00000e-01     1.59023e+00     5.00000e-01     1.59023e+00     5.00000e-01     1.59023e+00     5.00000e-01     1.59023e+00     5.00000e-01     1.59023e+00     5.00000e-01     1.59023e+00     5.00000e-01     1.59023e+00     5.00000e-01     1.59023e+00     5.00000e-01     1.59023e+00     5.00000e-01     1.59023e+00     5.00000e-01     1.59023e+00     5.00000e-01     1.59023e+00     5.00000e-01     1.59023e+00     5.00000e-01     1.59023e+00     5.00000e-01     1.59023e+00     5.00000e-01
     1.86038e+00     5.00000e-01     1.86038e+00     5.00000e-01     1.86038e+00     5.00000e-01     1.86038e+00     5.00000e-01     1.86038e+00     5.00000e-01     1.86038e+00     5.00000e-01     1.86038e+00     5.00000e-01     1.86038e+00     5.00000e-01     1.86038e+00     5.00000e-01     1.86038e+00     5.00000e-01     1.86038e+00     5.00000e-01     1.86038e+00     5.00000e-01     1.86038e+00     5.00000e-01     1.86038e+00     5.00000e-01     1.86038e+00     5.00000e-01     1.86038e+00     5.00000e-01     1.86038e+00     5.00000e-01     1.86038e+00     5.00000e-01     1.86038e+00     5.00000e-01
     2.30887e+00     5.00000e-01     2.30887e+00     5.00000e-01     2.30887e+00     5.00000e-01     2.30887e+00     5.00000e-01     2.30887e+00     5.00000e-01     2.30887e+00     5.00000e-01     2.30887e+00     5.00000e-01     2.30887e+00     5.00000e-01     2.30887e+00     5.00000e-01     2.30887e+00     5.00000e-01     2.30887e+00     5.00000e-01     2.30887e+00     5.00000e-01     2.30887e+00     5.00000e-01     2.30887e+00     5.00000e-01     2.30887e+00     5.00000e-01     2.30887e+00     5.00000e-01     2.30887e+00     5.00000e-01     2.30887e+00     5.00000e-01     2.30887e+00     5.00000e-01
     2.93306e+00     5.00000e-01     2.93306e+00     5.00000e-01     2.93306e+00     5.00000e-01     2.93306e+00     5.00000e-01     2.93306e+00     5.00000e-01     2.93306e+00     5.00000e-01     2.93306e+00     5.00000e-01     2.93306e+00     5.00000e-01     2.93306e+00     5.00000e-01     2.93306e+00     5.00000e-01     2.93306e+00     5.00000e-01     2.93306e+00     5.00000e-01     2.93306e+00     5.00000e-01     2.93306e+00     5.00000e-01     2.93306e+00     5.00000e-01     2.93306e+00     5.00000e-01     2.93306e+00     5.00000e-01     2.93306e+00     5.00000e-01     2.93306e+00     5.00000e-01
     3.72930e+00     5.00000e-01     3.72930e+00     5.00000e-01     3.72930e+00     5.00000e-01     3.72930e+00     5.00000e-01     3.72930e+00     5.00000e-01     3.72930e+00     5.00000e-01     3.72930e+00     5.00000e-01     3.72930e+00     5.00000e-01     3.72930e+00     5.00000e-01     3.72930e+00     5.00000e-01     3.72930e+00     5.00000e-01     3.72930e+00     5.00000e-01     3.72930e+00     5.00000e-01     3.72930e+00     5.00000e-01     3.72930e+00     5.00000e-01     3.72930e+00     5.00000e-01     3.72930e+00     5.00000e-01     3.72930e+00     5.00000e-01     3.72930e+00     5.00000e-01
     4.69291e+00     5.00000e-01     4.69291e+00     5.00000e-01     4.69291e+00     5.00000e-01     4.69291e+00     5.00000e-01     4.69291e+00     5.00000e-01     4.69291e+00     5.00000e-01     4.69291e+00     5.00000e-01     4.69291e+00     5.00000e-01     4.69291e+00     5.00000e-01     4.69291e+00     5.00000e-01     4.69291e+00     5.00000e-01     4.69291e+00     5.00000e-01     4.69291e+00     5.00000e-01     4.69291e+00     5.00000e-01     4.69291e+00     5.00000e-01     4.69291e+00     5.00000e-01     4.69291e+00     5.00000e-01     4.69291e+00     5.00000e-01     4.69291e+00     5.00000e-01
     5.81823e+00     4.88009e-01     5.81823e+00     4.88009e-01     5.81823e+00     4.88009e-01     5.81823e+00     4.88009e-01     5.81823e+00     4.88009e-01     5.81823e+00     4.88009e-01     5.81823e+00     4.88009e-01     5.81823e+00     4.88009e-01     5.81823e+00     4.88009e-01     5.81823e+00     4.88009e-01     5.81823e+00     4.88009e-01     5.81823e+00     4.88009e-01     5.81823e+00     4.88009e-01     5.81823e+00     4.88009e-01     5.81823e+00     4.88009e-01     5.81823e+00     4.88009e-01     5.81823e+00     4.88009e-01     5.81823e+00     4.88009e-01     5.81823e+00     4.88009e-01
     7.09867e+00     4.17655e-01     7.09867e+00     4.17655e-01     7.09867e+00     4.17655e-01     7.09867e+00     4.17655e-01     7.09867e+00     4.17655e-01     7.09867e+00     4.17655e-01     7.09867e+00     4.17655e-01     7.09867e+00     4.17655e-01     7.09867e+00     4.17655e-01     7.09867e+00     4.17655e-01     7.09867e+00     4.17655e-01     7.09867e+00     4.17655e-01     7.09867e+00     4.17655e-01     7.09867e+00     4.17655e-01     7.09867e+00     4.17655e-01     7.09867e+00     4.17655e-01     7.09867e+00     4.17655e-01     7.09867e+00     4.17655e-01     7.09867e+00     4.17655e-01
     8.52671e+00     3.94892e-01     8.52671e+00     3.92137e-01     8.52671e+00     3.88961e-01     8.52671e+00     3.85603e-01     8.52671e+00     3.81977e-01     8.52671e+00     3.78326e-01     8.52671e+00     3.74663e-01     8.52671e+00     3.71056e-01     8.52671e+00     3.67578e-01     8.52671e+00     3.64247e-01     8.52671e+00     3.61093e-01     8.52671e+00     3.58139e-01     8.52671e+00     3.55391e-01     8.52671e+00     3.52927e-01     8.52671e+00     3.50730e-01     8.52671e+00     3.48780e-01     8.52671e+00     3.47035e-01     8.52671e+00     3.45473e-01     8.52671e+00     3.44078e-01
     1.00940e+01     7.18698e-01     1.00940e+01     6.87096e-01     1.00940e+01     6.52334e-01     1.00940e+01     6.15605e-01     1.00940e+01     5.77269e-01     1.00940e+01     5.39306e-01     1.00940e+01     5.02441e-01     1.00940e+01     4.67228e-01     1.00940e+01     4.34133e-01     1.00940e+01     4.03478e-01     1.00940e+01     3.75885e-01     1.00940e+01     3.51345e-01     1.00940e+01     3.29460e-01     1.00940e+01     3.10188e-01     1.00940e+01     2.93186e-01     1.00940e+01     2.76251e-01     1.00940e+01     2.57503e-01     1.00940e+01     2.38975e-01     1.00940e+01     2.22035e-01
     1.17912e+01     1.00835e+00     1.17912e+01     9.33814e-01     1.17912e+01     8.52551e-01     1.17912e+01     7.67596e-01     1.17912e+01     6.82503e-01     1.17912e+01     6.00753e-01     1.17912e+01     5.23529e-01     1.17912e+01     4.52619e-01     1.17912e+01     3.88700e-01     1.17912e+01     3.31507e-01     1.17912e+01     2.81002e-01     1.17912e+01     2.36949e-01     1.17912e+01     1.91063e-01     1.17912e+01     1.42236e-01     1.17912e+01     9.38591e-02     1.17912e+01     5.09629e-02     1.17912e+01     2.66711e-02     1.17912e+01     1.93420e-02     1.17912e+01     1.60564e-02
     1.36086e+01     1.02503e+00     1.36086e+01     9.36443e-01     1.36086e+01     8.40171e-01     1.36086e+01     7.41773e-01     1.36086e+01     6.45826e-01     1.36086e+01     5.55593e-01     1.36086e+01     4.73301e-01     1.36086e+01     3.98844e-01     1.36086e+01     3.31193e-01     1.36086e+01     2.70727e-01     1.36086e+01     2.17596e-01     1.36086e+01     1.59711e-01     1.36086e+01     8.03448e-02     1.36086e+01     3.75671e-02     1.36086e+01     2.25244e-02     1.36086e+01     1.68127e-02     1.36086e+01     1.43248e-02     1.36086e+01     1.30259e-02     1.36086e+01     1.23249e-02
     1.55353e+01     1.03874e+00     1.55353e+01     9.34917e-01     1.55353e+01     8.23394e-01     1.55353e+01     7.12014e-01     1.55353e+01     6.06618e-01     1.55353e+01     5.10451e-01     1.55353e+01     4.24042e-01     1.55353e+01     3.43787e-01     1.55353e+01     2.70526e-01     1.55353e+01     2.05814e-01     1.55353e+01     1.23877e-01     1.55353e+01     2.97509e-02     1.55353e+01     1.73976e-02     1.55353e+01     1.39055e-02     1.55353e+01     1.24034e-02     1.55353e+01     1.17725e-02     1.55353e+01     1.12165e-02     1.55353e+01     1.09512e-02     1.55353e+01     1.07390e-02
     1.75601e+01     1.04077e+00     1.75601e+01     9.20895e-01     1.75601e+01     7.94402e-01     1.75601e+01     6.71422e-01     1.75601e+01     5.58558e-01     1.75601e+01     4.58853e-01     1.75601e+01     3.68628e-01     1.75601e+01     2.86734e-01     1.75601e+01     2.15007e-01     1.75601e+01     1.36818e-01     1.75601e+01     2.96886e-02     1.75601e+01     1.60968e-02     1.75601e+01     1.31399e-02     1.75601e+01     1.19401e-02     1.75601e+01     1.14501e-02     1.75601e+01     1.09667e-02     1.75601e+01     1.07539e-02     1.75601e+01     1.05489e-02     1.75601e+01     1.03904e-02
     1.96711e+01     1.03782e+00     1.96711e+01     9.01559e-01     1.96711e+01     7.60482e-01     1.96711e+01     6.27954e-01     1.96711e+01     5.10450e-01     1.96711e+01     4.08096e-01     1.96711e+01     3.16541e-01     1.96711e+01     2.36831e-01     1.96711e+01     1.66047e-01     1.96711e+01     4.72522e-02     1.96711e+01     1.81101e-02     1.96711e+01     1.36697e-02     1.96711e+01     1.21274e-02     1.96711e+01     1.15395e-02     1.96711e+01     1.10129e-02     1.96711e+01     1.07631e-02     1.96711e+01     1.05540e-02     1.96711e+01     1.03885e-02     1.96711e+01     1.02556e-02
     2.18560e+01     1.02931e+00     2.18560e+01     8.76672e-01     2.18560e+01     7.23270e-01     2.18560e+01     5.84049e-01     2.18560e+01     4.64120e-01     2.18560e+01     3.59379e-01     2.18560e+01     2.68482e-01     2.18560e+01     1.97128e-01     2.18560e+01     1.19154e-01     2.18560e+01     3.05611e-02     2.18560e+01     1.66654e-02     2.18560e+01     1.31028e-02     2.18560e+01     1.12838e-02     2.18560e+01     1.06728e-02     2.18560e+01     1.03233e-02     2.18560e+01     1.01011e-02     2.18560e+01     9.91482e-03     2.18560e+01     9.77806e-03     2.18560e+01     9.68437e-03
     2.41018e+01     1.01833e+00     2.41018e+01     8.49696e-01     2.41018e+01     6.86349e-01     2.41018e+01     5.42497e-01     2.41018e+01     4.20621e-01     2.41018e+01     3.15180e-01     2.41018e+01     2.27464e-01     2.41018e+01     1.71508e-01     2.41018e+01     1.01850e-01     2.41018e+01     2.55436e-02     2.41018e+01     1.56044e-02     2.41018e+01     1.15721e-02     2.41018e+01     1.03224e-02     2.41018e+01     9.86242e-03     2.41018e+01     9.58316e-03     2.41018e+01     9.36883e-03     2.41018e+01     9.21966e-03     2.41018e+01     9.09136e-03     2.41018e+01     8.98712e-03
     2.63955e+01     1.01544e+00     2.63955e+01     8.31588e-01     2.63955e+01     6.59156e-01     2.63955e+01     5.11746e-01     2.63955e+01     3.86170e-01     2.63955e+01     2.77622e-01     2.63955e+01     1.96028e-01     2.63955e+01     1.38275e-01     2.63955e+01     7.79888e-02     2.63955e+01     2.64524e-02     2.63955e+01     1.50495e-02     2.63955e+01     1.20298e-02     2.63955e+01     9.67625e-03     2.63955e+01     8.52985e-03     2.63955e+01     8.14819e-03     2.63955e+01     7.97067e-03     2.63955e+01     7.83581e-03     2.63955e+01     7.75756e-03     2.63955e+01     7.71824e-03
     2.87235e+01     1.00977e+00     2.87235e+01     8.11859e-01     2.87235e+01     6.31705e-01     2.87235e+01     4.82219e-01     2.87235e+01     3.52594e-01     2.87235e+01     2.42911e-01     2.87235e+01     1.68915e-01     2.87235e+01     1.16281e-01     2.87235e+01     6.83379e-02     2.87235e+01     2.17581e-02     2.87235e+01     1.48214e-02     2.87235e+01     1.13252e-02     2.87235e+01     8.28967e-03     2.87235e+01     7.35196e-03     2.87235e+01     7.05370e-03     2.87235e+01     6.91769e-03     2.87235e+01     6.83910e-03     2.87235e+01     6.79729e-03     2.87235e+01     6.74531e-03
     3.10722e+01     9.96790e-01     3.10722e+01     7.86760e-01     3.10722e+01     6.00965e-01     3.10722e+01     4.50003e-01     3.10722e+01     3.20759e-01     3.10722e+01     2.15263e-01     3.10722e+01     1.53066e-01     3.10722e+01     1.00689e-01     3.10722e+01     5.45685e-02     3.10722e+01     1.82466e-02     3.10722e+01     1.40737e-02     3.10722e+01     1.01903e-02     3.10722e+01     7.82916e-03     3.10722e+01     7.23922e-03     3.10722e+01     7.02532e-03     3.10722e+01     6.88908e-03     3.10722e+01     6.83086e-03     3.10722e+01     6.79073e-03     3.10722e+01     6.73777e-03
     3.34278e+01     9.96739e-01     3.34278e+01     7.73584e-01     3.34278e+01     5.82353e-01     3.34278e+01     4.27626e-01     3.34278e+01     2.94769e-01     3.34278e+01     1.94019e-01     3.34278e+01     1.34142e-01     3.34278e+01     8.36123e-02     3.34278e+01     4.01793e-02     3.34278e+01     1.67930e-02     3.34278e+01     1.33898e-02     3.34278e+01     9.96266e-03     3.34278e+01     7.91373e-03     3.34278e+01     7.11233e-03     3.34278e+01     6.80727e-03     3.34278e+01     6.62685e-03     3.34278e+01     6.55685e-03     3.34278e+01     6.50442e-03     3.34278e+01     6.44860e-03
     3.57765e+01     1.00981e+00     3.57765e+01     7.72747e-01     3.57765e+01     5.75188e-01     3.57765e+01     4.12571e-01     3.57765e+01     2.70695e-01     3.57765e+01     1.73336e-01     3.57765e+01     1.13015e-01     3.57765e+01     6.64710e-02     3.57765e+01     3.21209e-02     3.57765e+01     1.55928e-02     3.57765e+01     1.28333e-02     3.57765e+01     1.03640e-02     3.57765e+01     8.03070e-03     3.57765e+01     6.83197e-03     3.57765e+01     6.33230e-03     3.57765e+01     6.10819e-03     3.57765e+01     6.00691e-03     3.57765e+01     5.92888e-03     3.57765e+01     5.88499e-03
     3.81045e+01     1.00219e+00     3.81045e+01     7.55561e-01     3.81045e+01     5.55536e-01     3.81045e+01     3.89424e-01     3.81045e+01     2.48118e-01     3.81045e+01     1.59056e-01     3.81045e+01     1.01689e-01     3.81045e+01     5.76807e-02     3.81045e+01     2.86400e-02     3.81045e+01     1.51206e-02     3.81045e+01     1.26316e-02     3.81045e+01     1.03994e-02     3.81045e+01     8.00601e-03     3.81045e+01     6.75151e-03     3.81045e+01     6.21881e-03     3.81045e+01     5.98208e-03     3.81045e+01     5.87415e-03     3.81045e+01     5.79049e-03     3.81045e+01     5.74872e-03
     4.03982e+01     9.88404e-01     4.03982e+01     7.34632e-01     4.03982e+01     5.34065e-01     4.03982e+01     3.67139e-01     4.03982e+01     2.29721e-01     4.03982e+01     1.49192e-01     4.03982e+01     9.52144e-02     4.03982e+01     5.28230e-02     4.03982e+01     2.64025e-02     4.03982e+01     1.49391e-02     4.03982e+01     1.25836e-02     4.03982e+01     1.04162e-02     4.03982e+01     8.07747e-03     4.03982e+01     6.79541e-03     4.03982e+01     6.24207e-03     4.03982e+01     5.99642e-03     4.03982e+01     5.88140e-03     4.03982e+01     5.79915e-03     4.03982e+01     5.75123e-03
     4.26440e+01     9.76212e-01     4.26440e+01     7.15804e-01     4.26440e+01     5.16087e-01     4.26440e+01     3.64319e-01     4.26440e+01     2.43889e-01     4.26440e+01     1.64390e-01     4.26440e+01     1.03949e-01     4.26440e+01     5.51520e-02     4.26440e+01     1.95848e-02     4.26440e+01     1.38741e-02     4.26440e+01     1.18428e-02     4.26440e+01     9.42359e-03     4.26440e+01     7.04003e-03     4.26440e+01     6.14094e-03     4.26440e+01     5.84651e-03     4.26440e+01     5.66864e-03     4.26440e+01     5.57520e-03     4.26440e+01     5.53284e-03     4.26440e+01     5.49243e-03
     4.48289e+01     9.64200e-01     4.48289e+01     6.98058e-01     4.48289e+01     5.01300e-01     4.48289e+01     3.67118e-01     4.48289e+01     2.58520e-01     4.48289e+01     1.75811e-01     4.48289e+01     1.09339e-01     4.48289e+01     5.51286e-02     4.48289e+01     1.52981e-02     4.48289e+01     1.29112e-02     4.48289e+01     1.13034e-02     4.48289e+01     8.83636e-03     4.48289e+01     5.82150e-03     4.48289e+01     5.45659e-03     4.48289e+01     5.33197e-03     4.48289e+01     5.30691e-03     4.48289e+01     5.27928e-03     4.48289e+01     5.25762e-03     4.48289e+01     5.24884e-03
     4.69399e+01     9.48187e-01     4.69399e+01     6.78077e-01     4.69399e+01     4.83871e-01     4.69399e+01     3.53885e-01     4.69399e+01     2.46854e-01     4.69399e+01     1.66876e-01     4.69399e+01     1.02683e-01     4.69399e+01     5.06505e-02     4.69399e+01     1.50833e-02     4.69399e+01     1.28380e-02     4.69399e+01     1.12809e-02     4.69399e+01     8.88516e-03     4.69399e+01     5.94485e-03     4.69399e+01     5.48058e-03     4.69399e+01     5.33441e-03     4.69399e+01     5.31016e-03     4.69399e+01     5.28234e-03     4.69399e+01     5.25901e-03     4.69399e+01     5.25043e-03
     4.89647e+01     9.32917e-01     4.89647e+01     6.60140e-01     4.89647e+01     4.68934e-01     4.89647e+01     3.41454e-01     4.89647e+01     2.37229e-01     4.89647e+01     1.59746e-01     4.89647e+01     9.76522e-02     4.89647e+01     4.75787e-02     4.89647e+01     1.49592e-02     4.89647e+01     1.28161e-02     4.89647e+01     1.13060e-02     4.89647e+01     9.03643e-03     4.89647e+01     6.16761e-03     4.89647e+01     5.51589e-03     4.89647e+01     5.33779e-03     4.89647e+01     5.31357e-03     4.89647e+01     5.28648e-03     4.89647e+01     5.26219e-03     4.89647e+01     5.25246e-03
     5.08914e+01     9.18856e-01     5.08914e+01     6.44050e-01     5.08914e+01     4.55969e-01     5.08914e+01     3.30220e-01     5.08914e+01     2.29228e-01     5.08914e+01     1.54069e-01     5.08914e+01     9.38963e-02     5.08914e+01     4.54822e-02     5.08914e+01     1.49036e-02     5.08914e+01     1.28307e-02     5.08914e+01     1.13641e-02     5.08914e+01     9.20113e-03     5.08914e+01     6.45398e-03     5.08914e+01     5.55934e-03     5.08914e+01     5.34179e-03     5.08914e+01     5.31755e-03     5.08914e+01     5.29155e-03     5.08914e+01     5.26765e-03     5.08914e+01     5.25479e-03
     5.27088e+01     9.06013e-01     5.27088e+01     6.29826e-01     5.27088e+01     4.44809e-01     5.27088e+01     3.20897e-01     5.27088e+01     2.22786e-01     5.27088e+01     1.49674e-01     5.27088e+01     9.12319e-02     5.27088e+01     4.42984e-02     5.27088e+01     1.49045e-02     5.27088e+01     1.28780e-02     5.27088e+01     1.14515e-02     5.27088e+01     9.40655e-03     5.27088e+01     6.80144e-03     5.27088e+01     5.60998e-03     5.27088e+01     5.34636e-03     5.27088e+01     5.32204e-03     5.27088e+01     5.29736e-03     5.27088e+01     5.27384e-03     5.27088e+01     5.25739e-03
     5.44060e+01     8.94467e-01     5.44060e+01     6.17365e-01     5.44060e+01     4.35340e-01     5.44060e+01     3.13233e-01     5.44060e+01     2.17624e-01     5.44060e+01     1.46345e-01     5.44060e+01     8.94616e-02     5.44060e+01     4.38437e-02     5.44060e+01     1.49513e-02     5.44060e+01     1.29499e-02     5.44060e+01     1.15603e-02     5.44060e+01     9.64388e-03     5.44060e+01     7.18948e-03     5.44060e+01     5.66606e-03     5.44060e+01     5.36503e-03     5.44060e+01     5.32672e-03     5.44060e+01     5.30372e-03     5.44060e+01     5.28051e-03     5.44060e+01     5.26039e-03
     5.59733e+01     8.84181e-01     5.59733e+01     6.06526e-01     5.59733e+01     4.27486e-01     5.59733e+01     3.06962e-01     5.59733e+01     2.13619e-01     5.59733e+01     1.43879e-01     5.59733e+01     8.83827e-02     5.59733e+01     4.39276e-02     5.59733e+01     1.50303e-02     5.59733e+01     1.30381e-02     5.59733e+01     1.16822e-02     5.59733e+01     9.89917e-03     5.59733e+01     7.59625e-03     5.59733e+01     5.72444e-03     5.59733e+01     5.42513e-03     5.59733e+01     5.33183e-03     5.59733e+01     5.31030e-03     5.59733e+01     5.28738e-03     5.59733e+01     5.26752e-03
     5.74013e+01     8.74942e-01     5.74013e+01     5.97012e-01     5.74013e+01     4.20750e-01     5.74013e+01     3.01738e-01     5.74013e+01     2.10461e-01     5.74013e+01     1.42201e-01     5.74013e+01     8.80539e-02     5.74013e+01     4.46642e-02     5.74013e+01     1.51573e-02     5.74013e+01     1.31568e-02     5.74013e+01     1.18364e-02     5.74013e+01     1.02145e-02     5.74013e+01     8.10598e-03     5.74013e+01     5.79841e-03     5.74013e+01     5.50307e-03     5.74013e+01     5.33876e-03     5.74013e+01     5.31717e-03     5.74013e+01     5.29594e-03     5.74013e+01     5.27609e-03
     5.86818e+01     8.66878e-01     5.86818e+01     5.89032e-01     5.86818e+01     4.15110e-01     5.86818e+01     2.97542e-01     5.86818e+01     2.08010e-01     5.86818e+01     1.41058e-01     5.86818e+01     8.80697e-02     5.86818e+01     4.56497e-02     5.86818e+01     1.52955e-02     5.86818e+01     1.32976e-02     5.86818e+01     1.19912e-02     5.86818e+01     1.05272e-02     5.86818e+01     8.60645e-03     5.86818e+01     6.27858e-03     5.86818e+01     5.58148e-03     5.86818e+01     5.34585e-03     5.86818e+01     5.32408e-03     5.86818e+01     5.30450e-03     5.86818e+01     5.28460e-03
     5.98071e+01     8.58877e-01     5.98071e+01     5.81113e-01     5.98071e+01     4.09574e-01     5.98071e+01     2.93733e-01     5.98071e+01     2.06095e-01     5.98071e+01     1.40662e-01     5.98071e+01     8.91034e-02     5.98071e+01     4.79143e-02     5.98071e+01     1.55565e-02     5.98071e+01     1.35509e-02     5.98071e+01     1.22617e-02     5.98071e+01     1.10768e-02     5.98071e+01     9.37865e-03     5.98071e+01     7.32509e-03     5.98071e+01     5.74159e-03     5.98071e+01     5.48710e-03     5.98071e+01     5.34075e-03     5.98071e+01     5.32070e-03     5.98071e+01     5.30208e-03
     6.07707e+01     8.51824e-01     6.07707e+01     5.74212e-01     6.07707e+01     4.04869e-01     6.07707e+01     2.90630e-01     6.07707e+01     2.04636e-01     6.07707e+01     1.40500e-01     6.07707e+01     9.01658e-02     6.07707e+01     5.00958e-02     6.07707e+01     1.72498e-02     6.07707e+01     1.37871e-02     6.07707e+01     1.25107e-02     6.07707e+01     1.14500e-02     6.07707e+01     9.95934e-03     6.07707e+01     8.26998e-03     6.07707e+01     6.37745e-03     6.07707e+01     5.64986e-03     6.07707e+01     5.42902e-03     6.07707e+01     5.33856e-03     6.07707e+01     5.32049e-03
     6.15669e+01     8.46067e-01     6.15669e+01     5.68647e-01     6.15669e+01     4.01174e-01     6.15669e+01     2.88159e-01     6.15669e+01     2.03484e-01     6.15669e+01     1.40397e-01     6.15669e+01     9.11030e-02     6.15669e+01     5.18922e-02     6.15669e+01     1.98105e-02     6.15669e+01     1.39954e-02     6.15669e+01     1.27070e-02     6.15669e+01     1.16819e-02     6.15669e+01     1.04177e-02     6.15669e+01     9.01037e-03     6.15669e+01     7.20469e-03     6.15669e+01     5.77523e-03     6.15669e+01     5.56767e-03     6.15669e+01     5.37370e-03     6.15669e+01     5.33608e-03
     6.21911e+01     8.43038e-01     6.21911e+01     5.65876e-01     6.21911e+01     3.99919e-01     6.21911e+01     2.88565e-01     6.21911e+01     2.05169e-01     6.21911e+01     1.43191e-01     6.21911e+01     9.49934e-02     6.21911e+01     5.67134e-02     6.21911e+01     2.54660e-02     6.21911e+01     1.44499e-02     6.21911e+01     1.30704e-02     6.21911e+01     1.20908e-02     6.21911e+01     1.11879e-02     6.21911e+01     9.86079e-03     6.21911e+01     8.50867e-03     6.21911e+01     6.96866e-03     6.21911e+01     5.77610e-03     6.21911e+01     5.59868e-03     6.21911e+01     5.43463e-03
     6.26396e+01     8.40838e-01     6.26396e+01     5.63988e-01     6.26396e+01     3.99223e-01     6.26396e+01     2.89059e-01     6.26396e+01     2.06590e-01     6.26396e+01     1.45402e-01     6.26396e+01     9.79788e-02     6.26396e+01     6.03577e-02     6.26396e+01     2.97168e-02     6.26396e+01     1.47928e-02     6.26396e+01     1.33671e-02     6.26396e+01     1.23924e-02     6.26396e+01     1.15479e-02     6.26396e+01     1.04657e-02     6.26396e+01     9.32349e-03     6.26396e+01     7.96823e-03     6.26396e+01     6.63197e-03     6.26396e+01     5.75498e-03     6.26396e+01     5.60025e-03
     6.29098e+01     8.39745e-01     6.29098e+01     5.62921e-01     6.29098e+01     3.98786e-01     6.29098e+01     2.89327e-01     6.29098e+01     2.07418e-01     6.29098e+01     1.46697e-01     6.29098e+01     9.97320e-02     6.29098e+01     6.25225e-02     6.29098e+01     3.22378e-02     6.29098e+01     1.50146e-02     6.29098e+01     1.35521e-02     6.29098e+01     1.25689e-02     6.29098e+01     1.17380e-02     6.29098e+01     1.08175e-02     6.29098e+01     9.70029e-03     6.29098e+01     8.54339e-03     6.29098e+01     7.24083e-03     6.29098e+01     6.06052e-03     6.29098e+01     5.69446e-03

