Export File Created with QBlade v0.963 64bit on 19.06.2018 at 15:11:50
                                                                                                                                                                                                                                                                                                                                                                                                                                                                                                                                                                                                                                
 pos [m] F_n [N/m] pos [m] F_n [N/m] pos [m] F_n [N/m] pos [m] F_n [N/m] pos [m] F_n [N/m] pos [m] F_n [N/m] pos [m] F_n [N/m] pos [m] F_n [N/m] pos [m] F_n [N/m] pos [m] F_n [N/m] pos [m] F_n [N/m] pos [m] F_n [N/m] pos [m] F_n [N/m] pos [m] F_n [N/m] pos [m] F_n [N/m] pos [m] F_n [N/m] pos [m] F_n [N/m] pos [m] F_n [N/m] pos [m] F_n [N/m]
     1.59023e+00     1.07935e+02     1.59023e+00     1.08153e+02     1.59023e+00     1.08379e+02     1.59023e+00     1.08613e+02     1.59023e+00     1.08857e+02     1.59023e+00     1.09109e+02     1.59023e+00     1.09371e+02     1.59023e+00     1.09641e+02     1.59023e+00     1.09921e+02     1.59023e+00     1.10210e+02     1.59023e+00     1.10509e+02     1.59023e+00     1.10817e+02     1.59023e+00     1.11135e+02     1.59023e+00     1.11463e+02     1.59023e+00     1.11801e+02     1.59023e+00     1.12149e+02     1.59023e+00     1.12507e+02     1.59023e+00     1.12874e+02     1.59023e+00     1.13252e+02
     1.86038e+00     1.12765e+02     1.86038e+00     1.13025e+02     1.86038e+00     1.13298e+02     1.86038e+00     1.13583e+02     1.86038e+00     1.13882e+02     1.86038e+00     1.14193e+02     1.86038e+00     1.14519e+02     1.86038e+00     1.14858e+02     1.86038e+00     1.15211e+02     1.86038e+00     1.15578e+02     1.86038e+00     1.15960e+02     1.86038e+00     1.16357e+02     1.86038e+00     1.16768e+02     1.86038e+00     1.17194e+02     1.86038e+00     1.17635e+02     1.86038e+00     1.18090e+02     1.86038e+00     1.18561e+02     1.86038e+00     1.19030e+02     1.86038e+00     1.19531e+02
     2.30887e+00     1.19728e+02     2.30887e+00     1.20062e+02     2.30887e+00     1.20418e+02     2.30887e+00     1.20795e+02     2.30887e+00     1.21195e+02     2.30887e+00     1.21618e+02     2.30887e+00     1.22065e+02     2.30887e+00     1.22537e+02     2.30887e+00     1.23033e+02     2.30887e+00     1.23554e+02     2.30887e+00     1.24100e+02     2.30887e+00     1.24672e+02     2.30887e+00     1.25270e+02     2.30887e+00     1.25893e+02     2.30887e+00     1.26542e+02     2.30887e+00     1.27217e+02     2.30887e+00     1.27918e+02     2.30887e+00     1.28644e+02     2.30887e+00     1.29395e+02
     2.93306e+00     1.27914e+02     2.93306e+00     1.28360e+02     2.93306e+00     1.28845e+02     2.93306e+00     1.29370e+02     2.93306e+00     1.29937e+02     2.93306e+00     1.30547e+02     2.93306e+00     1.31202e+02     2.93306e+00     1.31902e+02     2.93306e+00     1.32647e+02     2.93306e+00     1.33439e+02     2.93306e+00     1.34278e+02     2.93306e+00     1.35145e+02     2.93306e+00     1.36076e+02     2.93306e+00     1.37054e+02     2.93306e+00     1.38077e+02     2.93306e+00     1.39146e+02     2.93306e+00     1.40259e+02     2.93306e+00     1.41416e+02     2.93306e+00     1.42615e+02
     3.72930e+00     1.34026e+02     3.72930e+00     1.34617e+02     3.72930e+00     1.35279e+02     3.72930e+00     1.36014e+02     3.72930e+00     1.36826e+02     3.72930e+00     1.37718e+02     3.72930e+00     1.38690e+02     3.72930e+00     1.39745e+02     3.72930e+00     1.40882e+02     3.72930e+00     1.42102e+02     3.72930e+00     1.43404e+02     3.72930e+00     1.44786e+02     3.72930e+00     1.46248e+02     3.72930e+00     1.47787e+02     3.72930e+00     1.49402e+02     3.72930e+00     1.51090e+02     3.72930e+00     1.52849e+02     3.72930e+00     1.54677e+02     3.72930e+00     1.56570e+02
     4.69291e+00     1.40418e+02     4.69291e+00     1.41214e+02     4.69291e+00     1.42136e+02     4.69291e+00     1.43189e+02     4.69291e+00     1.44379e+02     4.69291e+00     1.45711e+02     4.69291e+00     1.47184e+02     4.69291e+00     1.48779e+02     4.69291e+00     1.50533e+02     4.69291e+00     1.52425e+02     4.69291e+00     1.54450e+02     4.69291e+00     1.56604e+02     4.69291e+00     1.58882e+02     4.69291e+00     1.61279e+02     4.69291e+00     1.63790e+02     4.69291e+00     1.66408e+02     4.69291e+00     1.69128e+02     4.69291e+00     1.71945e+02     4.69291e+00     1.74853e+02
     5.81823e+00     1.43831e+02     5.81823e+00     1.44886e+02     5.81823e+00     1.46153e+02     5.81823e+00     1.47644e+02     5.81823e+00     1.49364e+02     5.81823e+00     1.51314e+02     5.81823e+00     1.53493e+02     5.81823e+00     1.55894e+02     5.81823e+00     1.58509e+02     5.81823e+00     1.61331e+02     5.81823e+00     1.64348e+02     5.81823e+00     1.67549e+02     5.81823e+00     1.70923e+02     5.81823e+00     1.74459e+02     5.81823e+00     1.78125e+02     5.81823e+00     1.81951e+02     5.81823e+00     1.85908e+02     5.81823e+00     1.89985e+02     5.81823e+00     1.94173e+02
     7.09867e+00     1.30034e+02     7.09867e+00     1.31256e+02     7.09867e+00     1.32789e+02     7.09867e+00     1.34645e+02     7.09867e+00     1.36824e+02     7.09867e+00     1.39319e+02     7.09867e+00     1.42117e+02     7.09867e+00     1.45205e+02     7.09867e+00     1.48563e+02     7.09867e+00     1.52155e+02     7.09867e+00     1.55998e+02     7.09867e+00     1.60058e+02     7.09867e+00     1.64315e+02     7.09867e+00     1.68752e+02     7.09867e+00     1.73355e+02     7.09867e+00     1.78107e+02     7.09867e+00     1.82995e+02     7.09867e+00     1.88007e+02     7.09867e+00     1.93130e+02
     8.52671e+00     1.32290e+02     8.52671e+00     1.33967e+02     8.52671e+00     1.36118e+02     8.52671e+00     1.38822e+02     8.52671e+00     1.41960e+02     8.52671e+00     1.45594e+02     8.52671e+00     1.49652e+02     8.52671e+00     1.54078e+02     8.52671e+00     1.58890e+02     8.52671e+00     1.63958e+02     8.52671e+00     1.69344e+02     8.52671e+00     1.74963e+02     8.52671e+00     1.80855e+02     8.52671e+00     1.87385e+02     8.52671e+00     1.94612e+02     8.52671e+00     2.02481e+02     8.52671e+00     2.10876e+02     8.52671e+00     2.19731e+02     8.52671e+00     2.28967e+02
     1.00940e+01     2.80013e+02     1.00940e+01     2.85244e+02     1.00940e+01     2.92187e+02     1.00940e+01     3.00932e+02     1.00940e+01     3.10545e+02     1.00940e+01     3.21517e+02     1.00940e+01     3.33901e+02     1.00940e+01     3.46302e+02     1.00940e+01     3.60120e+02     1.00940e+01     3.74068e+02     1.00940e+01     3.93560e+02     1.00940e+01     4.20495e+02     1.00940e+01     4.53835e+02     1.00940e+01     4.93036e+02     1.00940e+01     5.36536e+02     1.00940e+01     5.77482e+02     1.00940e+01     6.20523e+02     1.00940e+01     6.70518e+02     1.00940e+01     7.32196e+02
     1.17912e+01     4.44992e+02     1.17912e+01     4.56894e+02     1.17912e+01     4.72284e+02     1.17912e+01     4.90476e+02     1.17912e+01     5.10363e+02     1.17912e+01     5.32641e+02     1.17912e+01     5.57079e+02     1.17912e+01     5.81615e+02     1.17912e+01     6.21146e+02     1.17912e+01     6.80353e+02     1.17912e+01     7.58145e+02     1.17912e+01     8.50118e+02     1.17912e+01     9.34640e+02     1.17912e+01     1.03232e+03     1.17912e+01     1.17106e+03     1.17912e+01     1.37034e+03     1.17912e+01     1.53191e+03     1.17912e+01     1.58035e+03     1.17912e+01     1.60043e+03
     1.36086e+01     4.63223e+02     1.36086e+01     4.79171e+02     1.36086e+01     4.99687e+02     1.36086e+01     5.24240e+02     1.36086e+01     5.52166e+02     1.36086e+01     5.81215e+02     1.36086e+01     6.12531e+02     1.36086e+01     6.58706e+02     1.36086e+01     7.35069e+02     1.36086e+01     8.40936e+02     1.36086e+01     9.68016e+02     1.36086e+01     1.09568e+03     1.36086e+01     1.38880e+03     1.36086e+01     1.62759e+03     1.36086e+01     1.75202e+03     1.36086e+01     1.80526e+03     1.36086e+01     1.82542e+03     1.36086e+01     1.83104e+03     1.36086e+01     1.82455e+03
     1.55353e+01     4.82440e+02     1.55353e+01     5.03571e+02     1.55353e+01     5.30875e+02     1.55353e+01     5.63149e+02     1.55353e+01     5.99002e+02     1.55353e+01     6.37836e+02     1.55353e+01     6.84886e+02     1.55353e+01     7.76109e+02     1.55353e+01     9.10526e+02     1.55353e+01     1.08067e+03     1.55353e+01     1.32910e+03     1.55353e+01     1.86114e+03     1.55353e+01     1.98933e+03     1.55353e+01     2.04395e+03     1.55353e+01     2.07775e+03     1.55353e+01     2.08151e+03     1.55353e+01     2.07861e+03     1.55353e+01     2.06561e+03     1.55353e+01     2.04617e+03
     1.75601e+01     4.86682e+02     1.75601e+01     5.13612e+02     1.75601e+01     5.48396e+02     1.75601e+01     5.89117e+02     1.75601e+01     6.33313e+02     1.75601e+01     6.82284e+02     1.75601e+01     7.68124e+02     1.75601e+01     9.12173e+02     1.75601e+01     1.10446e+03     1.75601e+01     1.34340e+03     1.75601e+01     2.00916e+03     1.75601e+01     2.17040e+03     1.75601e+01     2.23756e+03     1.75601e+01     2.28067e+03     1.75601e+01     2.28767e+03     1.75601e+01     2.28639e+03     1.75601e+01     2.27291e+03     1.75601e+01     2.25212e+03     1.75601e+01     2.22330e+03
     1.96711e+01     4.87500e+02     1.96711e+01     5.21155e+02     1.96711e+01     5.63419e+02     1.96711e+01     6.12344e+02     1.96711e+01     6.66203e+02     1.96711e+01     7.38560e+02     1.96711e+01     8.76236e+02     1.96711e+01     1.07721e+03     1.96711e+01     1.29855e+03     1.96711e+01     1.98298e+03     1.96711e+01     2.29739e+03     1.96711e+01     2.40395e+03     1.96711e+01     2.46857e+03     1.96711e+01     2.48738e+03     1.96711e+01     2.49333e+03     1.96711e+01     2.48433e+03     1.96711e+01     2.46491e+03     1.96711e+01     2.43671e+03     1.96711e+01     2.40000e+03
     2.18560e+01     4.85490e+02     2.18560e+01     5.25796e+02     2.18560e+01     5.76269e+02     2.18560e+01     6.34532e+02     2.18560e+01     7.01227e+02     2.18560e+01     8.29491e+02     2.18560e+01     1.04183e+03     2.18560e+01     1.26623e+03     2.18560e+01     1.58454e+03     2.18560e+01     2.29690e+03     2.18560e+01     2.52403e+03     2.18560e+01     2.65030e+03     2.18560e+01     2.71275e+03     2.18560e+01     2.73437e+03     2.18560e+01     2.73898e+03     2.18560e+01     2.73014e+03     2.18560e+01     2.71176e+03     2.18560e+01     2.68396e+03     2.18560e+01     2.64584e+03
     2.41018e+01     4.82921e+02     2.41018e+01     5.30171e+02     2.41018e+01     5.90371e+02     2.41018e+01     6.58814e+02     2.41018e+01     7.56417e+02     2.41018e+01     9.61546e+02     2.41018e+01     1.25866e+03     2.41018e+01     1.39654e+03     2.41018e+01     1.68934e+03     2.41018e+01     2.53256e+03     2.41018e+01     2.78448e+03     2.41018e+01     2.93344e+03     2.41018e+01     2.98879e+03     2.41018e+01     3.01605e+03     2.41018e+01     3.02676e+03     2.41018e+01     3.02699e+03     2.41018e+01     3.01500e+03     2.41018e+01     2.99239e+03     2.41018e+01     2.96319e+03
     2.63955e+01     4.81383e+02     2.63955e+01     5.36719e+02     2.63955e+01     6.06752e+02     2.63955e+01     6.85789e+02     2.63955e+01     8.33238e+02     2.63955e+01     1.11681e+03     2.63955e+01     1.41056e+03     2.63955e+01     1.63972e+03     2.63955e+01     1.99373e+03     2.63955e+01     2.78024e+03     2.63955e+01     3.07704e+03     2.63955e+01     3.23384e+03     2.63955e+01     3.32736e+03     2.63955e+01     3.39935e+03     2.63955e+01     3.44102e+03     2.63955e+01     3.46080e+03     2.63955e+01     3.46951e+03     2.63955e+01     3.46923e+03     2.63955e+01     3.45575e+03
     2.87235e+01     4.79019e+02     2.87235e+01     5.43047e+02     2.87235e+01     6.21843e+02     2.87235e+01     7.15792e+02     2.87235e+01     9.30324e+02     2.87235e+01     1.29222e+03     2.87235e+01     1.57555e+03     2.87235e+01     1.86119e+03     2.87235e+01     2.19617e+03     2.87235e+01     3.10849e+03     2.87235e+01     3.39361e+03     2.87235e+01     3.57580e+03     2.87235e+01     3.71835e+03     2.87235e+01     3.82942e+03     2.87235e+01     3.88735e+03     2.87235e+01     3.93225e+03     2.87235e+01     3.96378e+03     2.87235e+01     3.98345e+03     2.87235e+01     3.99538e+03
     3.10722e+01     4.73830e+02     3.10722e+01     5.46995e+02     3.10722e+01     6.35296e+02     3.10722e+01     7.54014e+02     3.10722e+01     1.02749e+03     3.10722e+01     1.43974e+03     3.10722e+01     1.71501e+03     3.10722e+01     2.02702e+03     3.10722e+01     2.51653e+03     3.10722e+01     3.39886e+03     3.10722e+01     3.69581e+03     3.10722e+01     3.89059e+03     3.10722e+01     4.05617e+03     3.10722e+01     4.17694e+03     3.10722e+01     4.25091e+03     3.10722e+01     4.31148e+03     3.10722e+01     4.35879e+03     3.10722e+01     4.39147e+03     3.10722e+01     4.41905e+03
     3.34278e+01     4.74155e+02     3.34278e+01     5.56672e+02     3.34278e+01     6.57108e+02     3.34278e+01     8.10497e+02     3.34278e+01     1.14805e+03     3.34278e+01     1.56479e+03     3.34278e+01     1.88725e+03     3.34278e+01     2.25467e+03     3.34278e+01     2.94192e+03     3.34278e+01     3.69880e+03     3.34278e+01     4.01586e+03     3.34278e+01     4.24234e+03     3.34278e+01     4.43810e+03     3.34278e+01     4.58278e+03     3.34278e+01     4.68986e+03     3.34278e+01     4.77614e+03     3.34278e+01     4.84767e+03     3.34278e+01     4.90479e+03     3.34278e+01     4.95401e+03
     3.57765e+01     4.79879e+02     3.57765e+01     5.73170e+02     3.57765e+01     6.86799e+02     3.57765e+01     8.84094e+02     3.57765e+01     1.29364e+03     3.57765e+01     1.71612e+03     3.57765e+01     2.09331e+03     3.57765e+01     2.54374e+03     3.57765e+01     3.20751e+03     3.57765e+01     4.02913e+03     3.57765e+01     4.37640e+03     3.57765e+01     4.64000e+03     3.57765e+01     4.86761e+03     3.57765e+01     5.06823e+03     3.57765e+01     5.21472e+03     3.57765e+01     5.33502e+03     3.57765e+01     5.43706e+03     3.57765e+01     5.52431e+03     3.57765e+01     5.59812e+03
     3.81045e+01     4.77220e+02     3.81045e+01     5.79897e+02     3.81045e+01     7.04237e+02     3.81045e+01     9.49330e+02     3.81045e+01     1.41505e+03     3.81045e+01     1.84408e+03     3.81045e+01     2.25608e+03     3.81045e+01     2.76542e+03     3.81045e+01     3.49428e+03     3.81045e+01     4.33674e+03     3.81045e+01     4.71602e+03     3.81045e+01     5.01703e+03     3.81045e+01     5.27790e+03     3.81045e+01     5.52001e+03     3.81045e+01     5.69531e+03     3.81045e+01     5.84151e+03     3.81045e+01     5.96345e+03     3.81045e+01     6.06659e+03     3.81045e+01     6.14798e+03
     4.03982e+01     4.71765e+02     4.03982e+01     5.83093e+02     4.03982e+01     7.17216e+02     4.03982e+01     1.00793e+03     4.03982e+01     1.52221e+03     4.03982e+01     1.95568e+03     4.03982e+01     2.39457e+03     4.03982e+01     2.95419e+03     4.03982e+01     3.80644e+03     4.03982e+01     4.63332e+03     4.03982e+01     5.04996e+03     4.03982e+01     5.38976e+03     4.03982e+01     5.68706e+03     4.03982e+01     5.96202e+03     4.03982e+01     6.16747e+03     4.03982e+01     6.33423e+03     4.03982e+01     6.47125e+03     4.03982e+01     6.58440e+03     4.03982e+01     6.69994e+03
     4.26440e+01     4.66795e+02     4.26440e+01     5.86090e+02     4.26440e+01     7.56249e+02     4.26440e+01     1.14905e+03     4.26440e+01     1.74836e+03     4.26440e+01     2.24266e+03     4.26440e+01     2.77859e+03     4.26440e+01     3.39373e+03     4.26440e+01     4.14644e+03     4.26440e+01     4.76654e+03     4.26440e+01     5.20595e+03     4.26440e+01     5.58652e+03     4.26440e+01     5.91248e+03     4.26440e+01     6.18753e+03     4.26440e+01     6.42789e+03     4.26440e+01     6.62339e+03     4.26440e+01     6.78944e+03     4.26440e+01     6.92481e+03     4.26440e+01     7.06293e+03
     4.48289e+01     4.61370e+02     4.48289e+01     5.87258e+02     4.48289e+01     8.07075e+02     4.48289e+01     1.28704e+03     4.48289e+01     1.95058e+03     4.48289e+01     2.51255e+03     4.48289e+01     3.14187e+03     4.48289e+01     3.78648e+03     4.48289e+01     4.38688e+03     4.48289e+01     4.89281e+03     4.48289e+01     5.34757e+03     4.48289e+01     5.77474e+03     4.48289e+01     6.14262e+03     4.48289e+01     6.42252e+03     4.48289e+01     6.67562e+03     4.48289e+01     6.90008e+03     4.48289e+01     7.09419e+03     4.48289e+01     7.25503e+03     4.48289e+01     7.41418e+03
     4.69399e+01     4.53921e+02     4.69399e+01     5.85587e+02     4.69399e+01     8.33546e+02     4.69399e+01     1.34892e+03     4.69399e+01     2.02771e+03     4.69399e+01     2.61196e+03     4.69399e+01     3.27337e+03     4.69399e+01     3.93917e+03     4.69399e+01     4.56535e+03     4.69399e+01     5.10154e+03     4.69399e+01     5.59123e+03     4.69399e+01     6.05516e+03     4.69399e+01     6.45755e+03     4.69399e+01     6.77293e+03     4.69399e+01     7.05417e+03     4.69399e+01     7.30311e+03     4.69399e+01     7.51058e+03     4.69399e+01     7.69907e+03     4.69399e+01     7.89138e+03
     4.89647e+01     4.46007e+02     4.89647e+01     5.83154e+02     4.89647e+01     8.59415e+02     4.89647e+01     1.41147e+03     4.89647e+01     2.09350e+03     4.89647e+01     2.69783e+03     4.89647e+01     3.38721e+03     4.89647e+01     4.07467e+03     4.89647e+01     4.72725e+03     4.89647e+01     5.29429e+03     4.89647e+01     5.81847e+03     4.89647e+01     6.32041e+03     4.89647e+01     6.75829e+03     4.89647e+01     7.11115e+03     4.89647e+01     7.42223e+03     4.89647e+01     7.69340e+03     4.89647e+01     7.91834e+03     4.89647e+01     8.14130e+03     4.89647e+01     8.36878e+03
     5.08914e+01     4.38052e+02     5.08914e+01     5.79925e+02     5.08914e+01     8.82458e+02     5.08914e+01     1.47010e+03     5.08914e+01     2.14880e+03     5.08914e+01     2.76749e+03     5.08914e+01     3.48164e+03     5.08914e+01     4.19210e+03     5.08914e+01     4.87067e+03     5.08914e+01     5.46787e+03     5.08914e+01     6.02534e+03     5.08914e+01     6.56266e+03     5.08914e+01     7.03807e+03     5.08914e+01     7.43119e+03     5.08914e+01     7.77153e+03     5.08914e+01     8.06526e+03     5.08914e+01     8.31444e+03     5.08914e+01     8.57100e+03     5.08914e+01     8.83459e+03
     5.27088e+01     4.30055e+02     5.27088e+01     5.75992e+02     5.27088e+01     9.01537e+02     5.27088e+01     1.51523e+03     5.27088e+01     2.19103e+03     5.27088e+01     2.82459e+03     5.27088e+01     3.56054e+03     5.27088e+01     4.29171e+03     5.27088e+01     4.99514e+03     5.27088e+01     5.62215e+03     5.27088e+01     6.21139e+03     5.27088e+01     6.78255e+03     5.27088e+01     7.29678e+03     5.27088e+01     7.73145e+03     5.27088e+01     8.10080e+03     5.27088e+01     8.41593e+03     5.27088e+01     8.69349e+03     5.27088e+01     8.98602e+03     5.27088e+01     9.28694e+03
     5.44060e+01     4.22166e+02     5.44060e+01     5.71477e+02     5.44060e+01     9.16733e+02     5.44060e+01     1.54861e+03     5.44060e+01     2.22364e+03     5.44060e+01     2.87028e+03     5.44060e+01     3.62452e+03     5.44060e+01     4.37402e+03     5.44060e+01     5.10108e+03     5.44060e+01     5.75675e+03     5.44060e+01     6.37579e+03     5.44060e+01     6.97901e+03     5.44060e+01     7.53174e+03     5.44060e+01     8.00977e+03     5.44060e+01     8.40600e+03     5.44060e+01     8.73758e+03     5.44060e+01     9.05230e+03     5.44060e+01     9.38007e+03     5.44060e+01     9.71718e+03
     5.59733e+01     4.14467e+02     5.59733e+01     5.66490e+02     5.59733e+01     9.29491e+02     5.59733e+01     1.57451e+03     5.59733e+01     2.24452e+03     5.59733e+01     2.90497e+03     5.59733e+01     3.67437e+03     5.59733e+01     4.43968e+03     5.59733e+01     5.18865e+03     5.59733e+01     5.87118e+03     5.59733e+01     6.51759e+03     5.59733e+01     7.15055e+03     5.59733e+01     7.73994e+03     5.59733e+01     8.26110e+03     5.59733e+01     8.68492e+03     5.59733e+01     9.03807e+03     5.59733e+01     9.38465e+03     5.59733e+01     9.74545e+03     5.59733e+01     1.01195e+04
     5.74013e+01     4.01851e+02     5.74013e+01     5.54384e+02     5.74013e+01     9.27017e+02     5.74013e+01     1.57345e+03     5.74013e+01     2.22993e+03     5.74013e+01     2.89278e+03     5.74013e+01     3.66430e+03     5.74013e+01     4.43363e+03     5.74013e+01     5.19456e+03     5.74013e+01     5.89539e+03     5.74013e+01     6.56068e+03     5.74013e+01     7.21615e+03     5.74013e+01     7.84036e+03     5.74013e+01     8.40674e+03     5.74013e+01     8.86091e+03     5.74013e+01     9.24429e+03     5.74013e+01     9.61416e+03     5.74013e+01     1.00007e+04     5.74013e+01     1.04030e+04
     5.86818e+01     3.89278e+02     5.86818e+01     5.43579e+02     5.86818e+01     9.20065e+02     5.86818e+01     1.56103e+03     5.86818e+01     2.20637e+03     5.86818e+01     2.86780e+03     5.86818e+01     3.63710e+03     5.86818e+01     4.40671e+03     5.86818e+01     5.17571e+03     5.86818e+01     5.88929e+03     5.86818e+01     6.57039e+03     5.86818e+01     7.24389e+03     5.86818e+01     7.89803e+03     5.86818e+01     8.49309e+03     5.86818e+01     8.99132e+03     5.86818e+01     9.40607e+03     5.86818e+01     9.79386e+03     5.86818e+01     1.02030e+04     5.86818e+01     1.06293e+04
     5.98071e+01     3.49005e+02     5.98071e+01     4.92662e+02     5.98071e+01     8.43057e+02     5.98071e+01     1.42869e+03     5.98071e+01     2.01425e+03     5.98071e+01     2.62297e+03     5.98071e+01     3.33054e+03     5.98071e+01     4.04319e+03     5.98071e+01     4.76722e+03     5.98071e+01     5.44623e+03     5.98071e+01     6.10125e+03     5.98071e+01     6.75391e+03     5.98071e+01     7.40374e+03     5.98071e+01     8.01482e+03     5.98071e+01     8.58332e+03     5.98071e+01     9.06828e+03     5.98071e+01     9.50017e+03     5.98071e+01     9.88036e+03     5.98071e+01     1.02852e+04
     6.07707e+01     3.07456e+02     6.07707e+01     4.38065e+02     6.07707e+01     7.56519e+02     6.07707e+01     1.28052e+03     6.07707e+01     1.80128e+03     6.07707e+01     2.34979e+03     6.07707e+01     2.98660e+03     6.07707e+01     3.63214e+03     6.07707e+01     4.29588e+03     6.07707e+01     4.92762e+03     6.07707e+01     5.54019e+03     6.07707e+01     6.15263e+03     6.07707e+01     6.77007e+03     6.07707e+01     7.37841e+03     6.07707e+01     7.96072e+03     6.07707e+01     8.48945e+03     6.07707e+01     8.97659e+03     6.07707e+01     9.42570e+03     6.07707e+01     9.81377e+03
     6.15669e+01     2.72281e+02     6.15669e+01     3.90897e+02     6.15669e+01     6.79958e+02     6.15669e+01     1.14988e+03     6.15669e+01     1.61462e+03     6.15669e+01     2.10926e+03     6.15669e+01     2.68305e+03     6.15669e+01     3.26757e+03     6.15669e+01     3.87297e+03     6.15669e+01     4.45693e+03     6.15669e+01     5.02493e+03     6.15669e+01     5.59473e+03     6.15669e+01     6.17448e+03     6.15669e+01     6.76284e+03     6.15669e+01     7.32198e+03     6.15669e+01     7.87391e+03     6.15669e+01     8.37017e+03     6.15669e+01     8.85128e+03     6.15669e+01     9.30678e+03
     6.21911e+01     2.16011e+02     6.21911e+01     3.11753e+02     6.21911e+01     5.44265e+02     6.21911e+01     9.19884e+02     6.21911e+01     1.29459e+03     6.21911e+01     1.69174e+03     6.21911e+01     2.15338e+03     6.21911e+01     2.62902e+03     6.21911e+01     3.12828e+03     6.21911e+01     3.61678e+03     6.21911e+01     4.09690e+03     6.21911e+01     4.57788e+03     6.21911e+01     5.07155e+03     6.21911e+01     5.57428e+03     6.21911e+01     6.08144e+03     6.21911e+01     6.57869e+03     6.21911e+01     7.07460e+03     6.21911e+01     7.53392e+03     6.21911e+01     7.99154e+03
     6.26396e+01     1.72602e+02     6.26396e+01     2.50100e+02     6.26396e+01     4.37672e+02     6.26396e+01     7.39465e+02     6.26396e+01     1.04265e+03     6.26396e+01     1.36274e+03     6.26396e+01     1.73541e+03     6.26396e+01     2.12262e+03     6.26396e+01     2.53172e+03     6.26396e+01     2.93790e+03     6.26396e+01     3.33815e+03     6.26396e+01     3.74092e+03     6.26396e+01     4.15269e+03     6.26396e+01     4.57641e+03     6.26396e+01     5.01257e+03     6.26396e+01     5.44412e+03     6.26396e+01     5.87953e+03     6.26396e+01     6.31089e+03     6.26396e+01     6.72187e+03
     6.29098e+01     1.46251e+02     6.29098e+01     2.12347e+02     6.29098e+01     3.72126e+02     6.29098e+01     6.28585e+02     6.29098e+01     8.87135e+02     6.29098e+01     1.15980e+03     6.29098e+01     1.47708e+03     6.29098e+01     1.80899e+03     6.29098e+01     2.16001e+03     6.29098e+01     2.51164e+03     6.29098e+01     2.85970e+03     6.29098e+01     3.21027e+03     6.29098e+01     3.56755e+03     6.29098e+01     3.93746e+03     6.29098e+01     4.31811e+03     6.29098e+01     4.70418e+03     6.29098e+01     5.08807e+03     6.29098e+01     5.48210e+03     6.29098e+01     5.85835e+03

