Export File Created with QBlade v0.963 64bit on 28.06.2018 at 13:32:10
                                                                                                                                                                                                                                                                                                                                                                                                                                                                                                                                                                                                                                
 pos [m] Re [-] pos [m] Re [-] pos [m] Re [-] pos [m] Re [-] pos [m] Re [-] pos [m] Re [-] pos [m] Re [-] pos [m] Re [-] pos [m] Re [-] pos [m] Re [-] pos [m] Re [-] pos [m] Re [-] pos [m] Re [-] pos [m] Re [-] pos [m] Re [-] pos [m] Re [-] pos [m] Re [-] pos [m] Re [-] pos [m] Re [-]
     1.59023e+00     2.11262e+06     1.59023e+00     2.11749e+06     1.59023e+00     2.12255e+06     1.59023e+00     2.12781e+06     1.59023e+00     2.13327e+06     1.59023e+00     2.13893e+06     1.59023e+00     2.14480e+06     1.59023e+00     2.15088e+06     1.59023e+00     2.15717e+06     1.59023e+00     2.16368e+06     1.59023e+00     2.17042e+06     1.59023e+00     2.17737e+06     1.59023e+00     2.18455e+06     1.59023e+00     2.19197e+06     1.59023e+00     2.19961e+06     1.59023e+00     2.20748e+06     1.59023e+00     2.21559e+06     1.59023e+00     2.22394e+06     1.59023e+00     2.23252e+06
     1.86038e+00     2.17425e+06     1.86038e+00     2.17988e+06     1.86038e+00     2.18578e+06     1.86038e+00     2.19196e+06     1.86038e+00     2.19843e+06     1.86038e+00     2.20519e+06     1.86038e+00     2.21225e+06     1.86038e+00     2.21961e+06     1.86038e+00     2.22729e+06     1.86038e+00     2.23528e+06     1.86038e+00     2.24360e+06     1.86038e+00     2.25224e+06     1.86038e+00     2.26121e+06     1.86038e+00     2.27051e+06     1.86038e+00     2.28015e+06     1.86038e+00     2.29012e+06     1.86038e+00     2.30044e+06     1.86038e+00     2.31090e+06     1.86038e+00     2.32189e+06
     2.30887e+00     2.26931e+06     2.30887e+00     2.27627e+06     2.30887e+00     2.28367e+06     2.30887e+00     2.29154e+06     2.30887e+00     2.29989e+06     2.30887e+00     2.30873e+06     2.30887e+00     2.31807e+06     2.30887e+00     2.32792e+06     2.30887e+00     2.33830e+06     2.30887e+00     2.34922e+06     2.30887e+00     2.36068e+06     2.30887e+00     2.37268e+06     2.30887e+00     2.38524e+06     2.30887e+00     2.39835e+06     2.30887e+00     2.41202e+06     2.30887e+00     2.42626e+06     2.30887e+00     2.44105e+06     2.30887e+00     2.45640e+06     2.30887e+00     2.47230e+06
     2.93306e+00     2.38752e+06     2.93306e+00     2.39650e+06     2.93306e+00     2.40626e+06     2.93306e+00     2.41685e+06     2.93306e+00     2.42829e+06     2.93306e+00     2.44062e+06     2.93306e+00     2.45384e+06     2.93306e+00     2.46800e+06     2.93306e+00     2.48310e+06     2.93306e+00     2.49915e+06     2.93306e+00     2.51616e+06     2.93306e+00     2.53392e+06     2.93306e+00     2.55287e+06     2.93306e+00     2.57278e+06     2.93306e+00     2.59366e+06     2.93306e+00     2.61548e+06     2.93306e+00     2.63825e+06     2.93306e+00     2.66195e+06     2.93306e+00     2.68656e+06
     3.72930e+00     2.46779e+06     3.72930e+00     2.47936e+06     3.72930e+00     2.49230e+06     3.72930e+00     2.50670e+06     3.72930e+00     2.52262e+06     3.72930e+00     2.54011e+06     3.72930e+00     2.55921e+06     3.72930e+00     2.57994e+06     3.72930e+00     2.60232e+06     3.72930e+00     2.62634e+06     3.72930e+00     2.65201e+06     3.72930e+00     2.67932e+06     3.72930e+00     2.70823e+06     3.72930e+00     2.73872e+06     3.72930e+00     2.77075e+06     3.72930e+00     2.80430e+06     3.72930e+00     2.83932e+06     3.72930e+00     2.87577e+06     3.72930e+00     2.91360e+06
     4.69291e+00     2.55895e+06     4.69291e+00     2.57419e+06     4.69291e+00     2.59182e+06     4.69291e+00     2.61201e+06     4.69291e+00     2.63484e+06     4.69291e+00     2.66040e+06     4.69291e+00     2.68871e+06     4.69291e+00     2.71954e+06     4.69291e+00     2.75335e+06     4.69291e+00     2.78984e+06     4.69291e+00     2.82898e+06     4.69291e+00     2.87067e+06     4.69291e+00     2.91484e+06     4.69291e+00     2.96140e+06     4.69291e+00     3.01025e+06     4.69291e+00     3.06130e+06     4.69291e+00     3.11446e+06     4.69291e+00     3.16961e+06     4.69291e+00     3.22668e+06
     5.81823e+00     2.66250e+06     5.81823e+00     2.68282e+06     5.81823e+00     2.70724e+06     5.81823e+00     2.73598e+06     5.81823e+00     2.76918e+06     5.81823e+00     2.80688e+06     5.81823e+00     2.84903e+06     5.81823e+00     2.89555e+06     5.81823e+00     2.94631e+06     5.81823e+00     3.00114e+06     5.81823e+00     3.05988e+06     5.81823e+00     3.12231e+06     5.81823e+00     3.18826e+06     5.81823e+00     3.25751e+06     5.81823e+00     3.32968e+06     5.81823e+00     3.40498e+06     5.81823e+00     3.48302e+06     5.81823e+00     3.56362e+06     5.81823e+00     3.64663e+06
     7.09867e+00     2.78362e+06     7.09867e+00     2.81055e+06     7.09867e+00     2.84433e+06     7.09867e+00     2.88526e+06     7.09867e+00     2.93336e+06     7.09867e+00     2.98850e+06     7.09867e+00     3.05043e+06     7.09867e+00     3.11884e+06     7.09867e+00     3.19336e+06     7.09867e+00     3.27338e+06     7.09867e+00     3.35898e+06     7.09867e+00     3.44954e+06     7.09867e+00     3.54470e+06     7.09867e+00     3.64410e+06     7.09867e+00     3.74742e+06     7.09867e+00     3.85433e+06     7.09867e+00     3.96456e+06     7.09867e+00     4.07784e+06     7.09867e+00     4.19391e+06
     8.52671e+00     2.91209e+06     8.52671e+00     2.94914e+06     8.52671e+00     2.99702e+06     8.52671e+00     3.05585e+06     8.52671e+00     3.12538e+06     8.52671e+00     3.20510e+06     8.52671e+00     3.29440e+06     8.52671e+00     3.39259e+06     8.52671e+00     3.49894e+06     8.52671e+00     3.61277e+06     8.52671e+00     3.73341e+06     8.52671e+00     3.86022e+06     8.52671e+00     3.99243e+06     8.52671e+00     4.12989e+06     8.52671e+00     4.27192e+06     8.52671e+00     4.41808e+06     8.52671e+00     4.56798e+06     8.52671e+00     4.72126e+06     8.52671e+00     4.87761e+06
     1.00940e+01     3.02961e+06     1.00940e+01     3.08520e+06     1.00940e+01     3.15566e+06     1.00940e+01     3.24102e+06     1.00940e+01     3.34082e+06     1.00940e+01     3.45382e+06     1.00940e+01     3.57946e+06     1.00940e+01     3.71641e+06     1.00940e+01     3.86347e+06     1.00940e+01     4.01962e+06     1.00940e+01     4.18352e+06     1.00940e+01     4.35456e+06     1.00940e+01     4.53162e+06     1.00940e+01     4.71434e+06     1.00940e+01     4.90180e+06     1.00940e+01     5.09392e+06     1.00940e+01     5.29001e+06     1.00940e+01     5.48920e+06     1.00940e+01     5.69110e+06
     1.17912e+01     3.16061e+06     1.17912e+01     3.23889e+06     1.17912e+01     3.33761e+06     1.17912e+01     3.45650e+06     1.17912e+01     3.59410e+06     1.17912e+01     3.74922e+06     1.17912e+01     3.91984e+06     1.17912e+01     4.10425e+06     1.17912e+01     4.29995e+06     1.17912e+01     4.50537e+06     1.17912e+01     4.71918e+06     1.17912e+01     4.94024e+06     1.17912e+01     5.16848e+06     1.17912e+01     5.40197e+06     1.17912e+01     5.63768e+06     1.17912e+01     5.87155e+06     1.17912e+01     6.10967e+06     1.17912e+01     6.36269e+06     1.17912e+01     6.62198e+06
     1.36086e+01     3.22037e+06     1.36086e+01     3.31952e+06     1.36086e+01     3.44652e+06     1.36086e+01     3.59995e+06     1.36086e+01     3.77737e+06     1.36086e+01     3.97581e+06     1.36086e+01     4.19282e+06     1.36086e+01     4.42505e+06     1.36086e+01     4.66980e+06     1.36086e+01     4.92505e+06     1.36086e+01     5.18911e+06     1.36086e+01     5.46122e+06     1.36086e+01     5.73051e+06     1.36086e+01     6.00545e+06     1.36086e+01     6.29275e+06     1.36086e+01     6.59080e+06     1.36086e+01     6.89587e+06     1.36086e+01     7.20585e+06     1.36086e+01     7.51957e+06
     1.55353e+01     3.28426e+06     1.55353e+01     3.40872e+06     1.55353e+01     3.56993e+06     1.55353e+01     3.76446e+06     1.55353e+01     3.98815e+06     1.55353e+01     4.23668e+06     1.55353e+01     4.50574e+06     1.55353e+01     4.79123e+06     1.55353e+01     5.08990e+06     1.55353e+01     5.39941e+06     1.55353e+01     5.71544e+06     1.55353e+01     6.01986e+06     1.55353e+01     6.35335e+06     1.55353e+01     6.69869e+06     1.55353e+01     7.05084e+06     1.55353e+01     7.40964e+06     1.55353e+01     7.77257e+06     1.55353e+01     8.13927e+06     1.55353e+01     8.50889e+06
     1.75601e+01     3.26534e+06     1.75601e+01     3.41646e+06     1.75601e+01     3.61230e+06     1.75601e+01     3.84791e+06     1.75601e+01     4.11680e+06     1.75601e+01     4.41308e+06     1.75601e+01     4.73073e+06     1.75601e+01     5.06560e+06     1.75601e+01     5.41394e+06     1.75601e+01     5.77273e+06     1.75601e+01     6.12064e+06     1.75601e+01     6.49697e+06     1.75601e+01     6.88580e+06     1.75601e+01     7.28165e+06     1.75601e+01     7.68451e+06     1.75601e+01     8.09178e+06     1.75601e+01     8.50303e+06     1.75601e+01     8.91736e+06     1.75601e+01     9.33437e+06
     1.96711e+01     3.22848e+06     1.96711e+01     3.40844e+06     1.96711e+01     3.64183e+06     1.96711e+01     3.92001e+06     1.96711e+01     4.23496e+06     1.96711e+01     4.57872e+06     1.96711e+01     4.94471e+06     1.96711e+01     5.32785e+06     1.96711e+01     5.72512e+06     1.96711e+01     6.11939e+06     1.96711e+01     6.53110e+06     1.96711e+01     6.95923e+06     1.96711e+01     7.39572e+06     1.96711e+01     7.83965e+06     1.96711e+01     8.28851e+06     1.96711e+01     8.74166e+06     1.96711e+01     9.19808e+06     1.96711e+01     9.65746e+06     1.96711e+01     1.01192e+07
     2.18560e+01     3.18526e+06     2.18560e+01     3.39640e+06     2.18560e+01     3.66900e+06     2.18560e+01     3.99112e+06     2.18560e+01     4.35242e+06     2.18560e+01     4.74311e+06     2.18560e+01     5.15597e+06     2.18560e+01     5.58677e+06     2.18560e+01     6.02991e+06     2.18560e+01     6.47239e+06     2.18560e+01     6.93527e+06     2.18560e+01     7.40885e+06     2.18560e+01     7.89063e+06     2.18560e+01     8.37885e+06     2.18560e+01     8.87162e+06     2.18560e+01     9.36806e+06     2.18560e+01     9.86765e+06     2.18560e+01     1.03699e+07     2.18560e+01     1.08742e+07
     2.41018e+01     3.14006e+06     2.41018e+01     3.38402e+06     2.41018e+01     3.69701e+06     2.41018e+01     4.06358e+06     2.41018e+01     4.47040e+06     2.41018e+01     4.90671e+06     2.41018e+01     5.36506e+06     2.41018e+01     5.84306e+06     2.41018e+01     6.33248e+06     2.41018e+01     6.82020e+06     2.41018e+01     7.32731e+06     2.41018e+01     7.84389e+06     2.41018e+01     8.36878e+06     2.41018e+01     8.89902e+06     2.41018e+01     9.43327e+06     2.41018e+01     9.97092e+06     2.41018e+01     1.05114e+07     2.41018e+01     1.10543e+07     2.41018e+01     1.15991e+07
     2.63955e+01     3.08020e+06     2.63955e+01     3.35750e+06     2.63955e+01     3.70948e+06     2.63955e+01     4.11792e+06     2.63955e+01     4.56708e+06     2.63955e+01     5.04538e+06     2.63955e+01     5.54592e+06     2.63955e+01     6.06386e+06     2.63955e+01     6.59304e+06     2.63955e+01     7.12356e+06     2.63955e+01     7.66932e+06     2.63955e+01     8.22440e+06     2.63955e+01     8.78612e+06     2.63955e+01     9.35238e+06     2.63955e+01     9.92281e+06     2.63955e+01     1.04966e+07     2.63955e+01     1.10729e+07     2.63955e+01     1.16515e+07     2.63955e+01     1.22319e+07
     2.87235e+01     3.01735e+06     2.87235e+01     3.32763e+06     2.87235e+01     3.71763e+06     2.87235e+01     4.16568e+06     2.87235e+01     4.65411e+06     2.87235e+01     5.17112e+06     2.87235e+01     5.71014e+06     2.87235e+01     6.26501e+06     2.87235e+01     6.83122e+06     2.87235e+01     7.39733e+06     2.87235e+01     7.97911e+06     2.87235e+01     8.56841e+06     2.87235e+01     9.16308e+06     2.87235e+01     9.76210e+06     2.87235e+01     1.03654e+07     2.87235e+01     1.09716e+07     2.87235e+01     1.15802e+07     2.87235e+01     1.21909e+07     2.87235e+01     1.28032e+07
     3.10722e+01     2.94775e+06     3.10722e+01     3.28960e+06     3.10722e+01     3.71490e+06     3.10722e+01     4.19883e+06     3.10722e+01     4.72247e+06     3.10722e+01     5.27378e+06     3.10722e+01     5.84625e+06     3.10722e+01     6.43335e+06     3.10722e+01     7.02982e+06     3.10722e+01     7.62851e+06     3.10722e+01     8.24071e+06     3.10722e+01     8.85963e+06     3.10722e+01     9.48316e+06     3.10722e+01     1.01108e+07     3.10722e+01     1.07423e+07     3.10722e+01     1.13762e+07     3.10722e+01     1.20123e+07     3.10722e+01     1.26503e+07     3.10722e+01     1.32899e+07
     3.34278e+01     2.87978e+06     3.34278e+01     3.25201e+06     3.34278e+01     3.71031e+06     3.34278e+01     4.22710e+06     3.34278e+01     4.78249e+06     3.34278e+01     5.36466e+06     3.34278e+01     5.96655e+06     3.34278e+01     6.58198e+06     3.34278e+01     7.20482e+06     3.34278e+01     7.83300e+06     3.34278e+01     8.47184e+06     3.34278e+01     9.11647e+06     3.34278e+01     9.76530e+06     3.34278e+01     1.04179e+07     3.34278e+01     1.10737e+07     3.34278e+01     1.17319e+07     3.34278e+01     1.23922e+07     3.34278e+01     1.30541e+07     3.34278e+01     1.37174e+07
     3.57765e+01     2.81390e+06     3.57765e+01     3.21462e+06     3.57765e+01     3.70338e+06     3.57765e+01     4.24944e+06     3.57765e+01     4.83308e+06     3.57765e+01     5.44251e+06     3.57765e+01     6.07008e+06     3.57765e+01     6.71008e+06     3.57765e+01     7.35769e+06     3.57765e+01     8.00964e+06     3.57765e+01     8.67136e+06     3.57765e+01     9.33829e+06     3.57765e+01     1.00089e+07     3.57765e+01     1.06826e+07     3.57765e+01     1.13592e+07     3.57765e+01     1.20382e+07     3.57765e+01     1.27189e+07     3.57765e+01     1.34012e+07     3.57765e+01     1.40848e+07
     3.81045e+01     2.74697e+06     3.81045e+01     3.17389e+06     3.81045e+01     3.68944e+06     3.81045e+01     4.26109e+06     3.81045e+01     4.86879e+06     3.81045e+01     5.50106e+06     3.81045e+01     6.15011e+06     3.81045e+01     6.81068e+06     3.81045e+01     7.47828e+06     3.81045e+01     8.15017e+06     3.81045e+01     8.83076e+06     3.81045e+01     9.51593e+06     3.81045e+01     1.02044e+07     3.81045e+01     1.08954e+07     3.81045e+01     1.15893e+07     3.81045e+01     1.22851e+07     3.81045e+01     1.29826e+07     3.81045e+01     1.36815e+07     3.81045e+01     1.43815e+07
     4.03982e+01     2.67931e+06     4.03982e+01     3.12954e+06     4.03982e+01     3.66817e+06     4.03982e+01     4.26129e+06     4.03982e+01     4.88884e+06     4.03982e+01     5.53959e+06     4.03982e+01     6.20608e+06     4.03982e+01     6.88310e+06     4.03982e+01     7.56616e+06     4.03982e+01     8.25415e+06     4.03982e+01     8.94951e+06     4.03982e+01     9.64894e+06     4.03982e+01     1.03514e+07     4.03982e+01     1.10559e+07     4.03982e+01     1.17630e+07     4.03982e+01     1.24719e+07     4.03982e+01     1.31823e+07     4.03982e+01     1.38939e+07     4.03982e+01     1.46068e+07
     4.26440e+01     2.61109e+06     4.26440e+01     3.08154e+06     4.26440e+01     3.63940e+06     4.26440e+01     4.24977e+06     4.26440e+01     4.89279e+06     4.26440e+01     5.55771e+06     4.26440e+01     6.23707e+06     4.26440e+01     6.92633e+06     4.26440e+01     7.62195e+06     4.26440e+01     8.32335e+06     4.26440e+01     9.02991e+06     4.26440e+01     9.73999e+06     4.26440e+01     1.04529e+07     4.26440e+01     1.11682e+07     4.26440e+01     1.18852e+07     4.26440e+01     1.26039e+07     4.26440e+01     1.33237e+07     4.26440e+01     1.40448e+07     4.26440e+01     1.47669e+07
     4.48289e+01     2.54260e+06     4.48289e+01     3.03018e+06     4.48289e+01     3.60321e+06     4.48289e+01     4.22693e+06     4.48289e+01     4.88165e+06     4.48289e+01     5.55678e+06     4.48289e+01     6.24523e+06     4.48289e+01     6.94298e+06     4.48289e+01     7.64765e+06     4.48289e+01     8.35776e+06     4.48289e+01     9.07183e+06     4.48289e+01     9.78890e+06     4.48289e+01     1.05086e+07     4.48289e+01     1.12306e+07     4.48289e+01     1.19543e+07     4.48289e+01     1.26793e+07     4.48289e+01     1.34052e+07     4.48289e+01     1.41321e+07     4.48289e+01     1.48599e+07
     4.69399e+01     2.47422e+06     4.69399e+01     2.97557e+06     4.69399e+01     3.56040e+06     4.69399e+01     4.19381e+06     4.69399e+01     4.85658e+06     4.69399e+01     5.53848e+06     4.69399e+01     6.23278e+06     4.69399e+01     6.93576e+06     4.69399e+01     7.64513e+06     4.69399e+01     8.35947e+06     4.69399e+01     9.07743e+06     4.69399e+01     9.79810e+06     4.69399e+01     1.05211e+07     4.69399e+01     1.12462e+07     4.69399e+01     1.19728e+07     4.69399e+01     1.27005e+07     4.69399e+01     1.34291e+07     4.69399e+01     1.41584e+07     4.69399e+01     1.48889e+07
     4.89647e+01     2.40640e+06     4.89647e+01     2.91840e+06     4.89647e+01     3.51162e+06     4.89647e+01     4.15127e+06     4.89647e+01     4.81871e+06     4.89647e+01     5.50406e+06     4.89647e+01     6.20097e+06     4.89647e+01     6.90602e+06     4.89647e+01     7.61691e+06     4.89647e+01     8.33240e+06     4.89647e+01     9.05119e+06     4.89647e+01     9.77243e+06     4.89647e+01     1.04958e+07     4.89647e+01     1.12210e+07     4.89647e+01     1.19476e+07     4.89647e+01     1.26751e+07     4.89647e+01     1.34032e+07     4.89647e+01     1.41324e+07     4.89647e+01     1.48625e+07
     5.08914e+01     2.33980e+06     5.08914e+01     2.85941e+06     5.08914e+01     3.45792e+06     5.08914e+01     4.10071e+06     5.08914e+01     4.76982e+06     5.08914e+01     5.45572e+06     5.08914e+01     6.15242e+06     5.08914e+01     6.85671e+06     5.08914e+01     7.56645e+06     5.08914e+01     8.28037e+06     5.08914e+01     8.99735e+06     5.08914e+01     9.71657e+06     5.08914e+01     1.04377e+07     5.08914e+01     1.11604e+07     5.08914e+01     1.18844e+07     5.08914e+01     1.26091e+07     5.08914e+01     1.33345e+07     5.08914e+01     1.40609e+07     5.08914e+01     1.47881e+07
     5.27088e+01     2.27475e+06     5.27088e+01     2.79949e+06     5.27088e+01     3.40055e+06     5.27088e+01     4.04383e+06     5.27088e+01     4.71205e+06     5.27088e+01     5.39602e+06     5.27088e+01     6.09011e+06     5.27088e+01     6.79130e+06     5.27088e+01     7.49756e+06     5.27088e+01     8.20768e+06     5.27088e+01     8.92063e+06     5.27088e+01     9.63564e+06     5.27088e+01     1.03523e+07     5.27088e+01     1.10705e+07     5.27088e+01     1.17897e+07     5.27088e+01     1.25096e+07     5.27088e+01     1.32300e+07     5.27088e+01     1.39516e+07     5.27088e+01     1.46739e+07
     5.44060e+01     2.21216e+06     5.44060e+01     2.73974e+06     5.44060e+01     3.34113e+06     5.44060e+01     3.98267e+06     5.44060e+01     4.64792e+06     5.44060e+01     5.32799e+06     5.44060e+01     6.01757e+06     5.44060e+01     6.71381e+06     5.44060e+01     7.41477e+06     5.44060e+01     8.11933e+06     5.44060e+01     8.82652e+06     5.44060e+01     9.53560e+06     5.44060e+01     1.02462e+07     5.44060e+01     1.09580e+07     5.44060e+01     1.16709e+07     5.44060e+01     1.23842e+07     5.44060e+01     1.30983e+07     5.44060e+01     1.38133e+07     5.44060e+01     1.45290e+07
     5.59733e+01     2.15262e+06     5.59733e+01     2.68112e+06     5.59733e+01     3.28091e+06     5.59733e+01     3.91911e+06     5.59733e+01     4.57977e+06     5.59733e+01     5.25438e+06     5.59733e+01     5.93800e+06     5.59733e+01     6.62789e+06     5.59733e+01     7.32221e+06     5.59733e+01     8.01989e+06     5.59733e+01     8.72001e+06     5.59733e+01     9.42190e+06     5.59733e+01     1.01251e+07     5.59733e+01     1.08295e+07     5.59733e+01     1.15348e+07     5.59733e+01     1.22404e+07     5.59733e+01     1.29468e+07     5.59733e+01     1.36541e+07     5.59733e+01     1.43621e+07
     5.74013e+01     2.07010e+06     5.74013e+01     2.59125e+06     5.74013e+01     3.18042e+06     5.74013e+01     3.80591e+06     5.74013e+01     4.45251e+06     5.74013e+01     5.11217e+06     5.74013e+01     5.78029e+06     5.74013e+01     6.45421e+06     5.74013e+01     7.13227e+06     5.74013e+01     7.81345e+06     5.74013e+01     8.49690e+06     5.74013e+01     9.18201e+06     5.74013e+01     9.86834e+06     5.74013e+01     1.05556e+07     5.74013e+01     1.12438e+07     5.74013e+01     1.19322e+07     5.74013e+01     1.26213e+07     5.74013e+01     1.33112e+07     5.74013e+01     1.40018e+07
     5.86818e+01     1.99046e+06     5.86818e+01     2.50243e+06     5.86818e+01     3.07929e+06     5.86818e+01     3.69053e+06     5.86818e+01     4.32166e+06     5.86818e+01     4.96505e+06     5.86818e+01     5.61636e+06     5.86818e+01     6.27311e+06     5.86818e+01     6.93374e+06     5.86818e+01     7.59727e+06     5.86818e+01     8.26292e+06     5.86818e+01     8.93013e+06     5.86818e+01     9.59845e+06     5.86818e+01     1.02677e+07     5.86818e+01     1.09376e+07     5.86818e+01     1.16079e+07     5.86818e+01     1.22786e+07     5.86818e+01     1.29501e+07     5.86818e+01     1.36223e+07
     5.98071e+01     1.77350e+06     5.98071e+01     2.23795e+06     5.98071e+01     2.75976e+06     5.98071e+01     3.31186e+06     5.98071e+01     3.88137e+06     5.98071e+01     4.46161e+06     5.98071e+01     5.04877e+06     5.98071e+01     5.64067e+06     5.98071e+01     6.23598e+06     5.98071e+01     6.83381e+06     5.98071e+01     7.43352e+06     5.98071e+01     8.03463e+06     5.98071e+01     8.63677e+06     5.98071e+01     9.23974e+06     5.98071e+01     9.84333e+06     5.98071e+01     1.04475e+07     5.98071e+01     1.10518e+07     5.98071e+01     1.16562e+07     5.98071e+01     1.22613e+07
     6.07707e+01     1.55420e+06     6.07707e+01     1.96736e+06     6.07707e+01     2.43046e+06     6.07707e+01     2.91983e+06     6.07707e+01     3.42419e+06     6.07707e+01     3.93779e+06     6.07707e+01     4.45734e+06     6.07707e+01     4.98103e+06     6.07707e+01     5.50764e+06     6.07707e+01     6.03642e+06     6.07707e+01     6.56684e+06     6.07707e+01     7.09849e+06     6.07707e+01     7.63107e+06     6.07707e+01     8.16439e+06     6.07707e+01     8.69828e+06     6.07707e+01     9.23267e+06     6.07707e+01     9.76741e+06     6.07707e+01     1.03023e+07     6.07707e+01     1.08372e+07
     6.15669e+01     1.37038e+06     6.15669e+01     1.73908e+06     6.15669e+01     2.15160e+06     6.15669e+01     2.58698e+06     6.15669e+01     3.03544e+06     6.15669e+01     3.49193e+06     6.15669e+01     3.95363e+06     6.15669e+01     4.41890e+06     6.15669e+01     4.88672e+06     6.15669e+01     5.35642e+06     6.15669e+01     5.82755e+06     6.15669e+01     6.29976e+06     6.15669e+01     6.77281e+06     6.15669e+01     7.24651e+06     6.15669e+01     7.72075e+06     6.15669e+01     8.19540e+06     6.15669e+01     8.67043e+06     6.15669e+01     9.14569e+06     6.15669e+01     9.62111e+06
     6.21911e+01     1.08292e+06     6.21911e+01     1.37695e+06     6.21911e+01     1.70543e+06     6.21911e+01     2.05189e+06     6.21911e+01     2.40857e+06     6.21911e+01     2.77152e+06     6.21911e+01     3.13855e+06     6.21911e+01     3.50839e+06     6.21911e+01     3.88021e+06     6.21911e+01     4.25353e+06     6.21911e+01     4.62794e+06     6.21911e+01     5.00322e+06     6.21911e+01     5.37917e+06     6.21911e+01     5.75566e+06     6.21911e+01     6.13257e+06     6.21911e+01     6.50983e+06     6.21911e+01     6.88738e+06     6.21911e+01     7.26519e+06     6.21911e+01     7.64319e+06
     6.26396e+01     8.63063e+05     6.26396e+01     1.09893e+06     6.26396e+01     1.36219e+06     6.26396e+01     1.63967e+06     6.26396e+01     1.92523e+06     6.26396e+01     2.21576e+06     6.26396e+01     2.50952e+06     6.26396e+01     2.80549e+06     6.26396e+01     3.10304e+06     6.26396e+01     3.40177e+06     6.26396e+01     3.70137e+06     6.26396e+01     4.00166e+06     6.26396e+01     4.30248e+06     6.26396e+01     4.60373e+06     6.26396e+01     4.90533e+06     6.26396e+01     5.20722e+06     6.26396e+01     5.50933e+06     6.26396e+01     5.81165e+06     6.26396e+01     6.11414e+06
     6.29098e+01     7.29990e+05     6.29098e+01     9.30145e+05     6.29098e+01     1.15348e+06     6.29098e+01     1.38882e+06     6.29098e+01     1.63097e+06     6.29098e+01     1.87730e+06     6.29098e+01     2.12635e+06     6.29098e+01     2.37727e+06     6.29098e+01     2.62951e+06     6.29098e+01     2.88274e+06     6.29098e+01     3.13671e+06     6.29098e+01     3.39126e+06     6.29098e+01     3.64625e+06     6.29098e+01     3.90161e+06     6.29098e+01     4.15727e+06     6.29098e+01     4.41317e+06     6.29098e+01     4.66927e+06     6.29098e+01     4.92554e+06     6.29098e+01     5.18195e+06

