Export File Created with QBlade v0.963 64bit on 19.06.2018 at 15:12:00
                                                                                                                                                                                                                                                                                                                                                                                                                                                                                                                                                                                                                                
 pos [m] F_t [N/m] pos [m] F_t [N/m] pos [m] F_t [N/m] pos [m] F_t [N/m] pos [m] F_t [N/m] pos [m] F_t [N/m] pos [m] F_t [N/m] pos [m] F_t [N/m] pos [m] F_t [N/m] pos [m] F_t [N/m] pos [m] F_t [N/m] pos [m] F_t [N/m] pos [m] F_t [N/m] pos [m] F_t [N/m] pos [m] F_t [N/m] pos [m] F_t [N/m] pos [m] F_t [N/m] pos [m] F_t [N/m] pos [m] F_t [N/m]
     1.59023e+00    -3.98018e+01     1.59023e+00    -4.07389e+01     1.59023e+00    -4.17002e+01     1.59023e+00    -4.26862e+01     1.59023e+00    -4.36972e+01     1.59023e+00    -4.47336e+01     1.59023e+00    -4.57956e+01     1.59023e+00    -4.68835e+01     1.59023e+00    -4.79978e+01     1.59023e+00    -4.91386e+01     1.59023e+00    -5.03063e+01     1.59023e+00    -5.15011e+01     1.59023e+00    -5.27234e+01     1.59023e+00    -5.39733e+01     1.59023e+00    -5.52511e+01     1.59023e+00    -5.65571e+01     1.59023e+00    -5.78916e+01     1.59023e+00    -5.92547e+01     1.59023e+00    -6.06467e+01
     1.86038e+00    -3.90778e+01     1.86038e+00    -4.02043e+01     1.86038e+00    -4.13658e+01     1.86038e+00    -4.25629e+01     1.86038e+00    -4.37962e+01     1.86038e+00    -4.50661e+01     1.86038e+00    -4.63732e+01     1.86038e+00    -4.77178e+01     1.86038e+00    -4.91004e+01     1.86038e+00    -5.05214e+01     1.86038e+00    -5.19813e+01     1.86038e+00    -5.34805e+01     1.86038e+00    -5.50192e+01     1.86038e+00    -5.65980e+01     1.86038e+00    -5.82170e+01     1.86038e+00    -5.98768e+01     1.86038e+00    -6.15776e+01     1.86038e+00    -6.33186e+01     1.86038e+00    -6.51024e+01
     2.30887e+00    -3.83715e+01     2.30887e+00    -3.98376e+01     2.30887e+00    -4.13622e+01     2.30887e+00    -4.29463e+01     2.30887e+00    -4.45907e+01     2.30887e+00    -4.62962e+01     2.30887e+00    -4.80638e+01     2.30887e+00    -4.98940e+01     2.30887e+00    -5.17875e+01     2.30887e+00    -5.37450e+01     2.30887e+00    -5.57671e+01     2.30887e+00    -5.78542e+01     2.30887e+00    -6.00071e+01     2.30887e+00    -6.22261e+01     2.30887e+00    -6.45119e+01     2.30887e+00    -6.68649e+01     2.30887e+00    -6.92856e+01     2.30887e+00    -7.17746e+01     2.30887e+00    -7.43323e+01
     2.93306e+00    -3.79786e+01     2.93306e+00    -3.99687e+01     2.93306e+00    -4.20626e+01     2.93306e+00    -4.42621e+01     2.93306e+00    -4.65685e+01     2.93306e+00    -4.89831e+01     2.93306e+00    -5.15069e+01     2.93306e+00    -5.41407e+01     2.93306e+00    -5.68856e+01     2.93306e+00    -5.97421e+01     2.93306e+00    -6.27111e+01     2.93306e+00    -6.57920e+01     2.93306e+00    -6.89882e+01     2.93306e+00    -7.22992e+01     2.93306e+00    -7.57258e+01     2.93306e+00    -7.92689e+01     2.93306e+00    -8.29295e+01     2.93306e+00    -8.67085e+01     2.93306e+00    -9.06069e+01
     3.72930e+00    -3.69714e+01     3.72930e+00    -3.96610e+01     3.72930e+00    -4.25331e+01     3.72930e+00    -4.55898e+01     3.72930e+00    -4.88324e+01     3.72930e+00    -5.22615e+01     3.72930e+00    -5.58777e+01     3.72930e+00    -5.96816e+01     3.72930e+00    -6.36737e+01     3.72930e+00    -6.78548e+01     3.72930e+00    -7.22257e+01     3.72930e+00    -7.67877e+01     3.72930e+00    -8.15422e+01     3.72930e+00    -8.64910e+01     3.72930e+00    -9.16358e+01     3.72930e+00    -9.69787e+01     3.72930e+00    -1.02522e+02     3.72930e+00    -1.08267e+02     3.72930e+00    -1.14218e+02
     4.69291e+00    -3.67136e+01     4.69291e+00    -4.03713e+01     4.69291e+00    -4.43418e+01     4.69291e+00    -4.86248e+01     4.69291e+00    -5.32188e+01     4.69291e+00    -5.81221e+01     4.69291e+00    -6.33334e+01     4.69291e+00    -6.88508e+01     4.69291e+00    -7.46778e+01     4.69291e+00    -8.08149e+01     4.69291e+00    -8.72646e+01     4.69291e+00    -9.40304e+01     4.69291e+00    -1.01117e+02     4.69291e+00    -1.08527e+02     4.69291e+00    -1.16268e+02     4.69291e+00    -1.24343e+02     4.69291e+00    -1.32757e+02     4.69291e+00    -1.41516e+02     4.69291e+00    -1.50623e+02
     5.81823e+00    -3.61108e+01     5.81823e+00    -4.09693e+01     5.81823e+00    -4.63301e+01     5.81823e+00    -5.21832e+01     5.81823e+00    -5.85190e+01     5.81823e+00    -6.53309e+01     5.81823e+00    -7.26160e+01     5.81823e+00    -8.03754e+01     5.81823e+00    -8.86135e+01     5.81823e+00    -9.73371e+01     5.81823e+00    -1.06555e+02     5.81823e+00    -1.16276e+02     5.81823e+00    -1.26510e+02     5.81823e+00    -1.37268e+02     5.81823e+00    -1.48557e+02     5.81823e+00    -1.60391e+02     5.81823e+00    -1.72776e+02     5.81823e+00    -1.85721e+02     5.81823e+00    -1.99233e+02
     7.09867e+00    -3.06548e+01     7.09867e+00    -3.63451e+01     7.09867e+00    -4.27135e+01     7.09867e+00    -4.97247e+01     7.09867e+00    -5.73558e+01     7.09867e+00    -6.55974e+01     7.09867e+00    -7.44515e+01     7.09867e+00    -8.39279e+01     7.09867e+00    -9.40413e+01     7.09867e+00    -1.04807e+02     7.09867e+00    -1.16247e+02     7.09867e+00    -1.28376e+02     7.09867e+00    -1.41213e+02     7.09867e+00    -1.54771e+02     7.09867e+00    -1.69066e+02     7.09867e+00    -1.84111e+02     7.09867e+00    -1.99916e+02     7.09867e+00    -2.16493e+02     7.09867e+00    -2.33849e+02
     8.52671e+00    -1.77491e+01     8.52671e+00    -2.36863e+01     8.52671e+00    -3.03918e+01     8.52671e+00    -3.77572e+01     8.52671e+00    -4.58429e+01     8.52671e+00    -5.45889e+01     8.52671e+00    -6.40347e+01     8.52671e+00    -7.42426e+01     8.52671e+00    -8.51691e+01     8.52671e+00    -9.69563e+01     8.52671e+00    -1.09506e+02     8.52671e+00    -1.22915e+02     8.52671e+00    -1.37114e+02     8.52671e+00    -1.51882e+02     8.52671e+00    -1.67215e+02     8.52671e+00    -1.83224e+02     8.52671e+00    -2.00021e+02     8.52671e+00    -2.17678e+02     8.52671e+00    -2.36262e+02
     1.00940e+01     5.54266e+01     1.00940e+01     5.27802e+01     1.00940e+01     5.00659e+01     1.00940e+01     4.74763e+01     1.00940e+01     4.42337e+01     1.00940e+01     4.08404e+01     1.00940e+01     3.75773e+01     1.00940e+01     3.29796e+01     1.00940e+01     2.89104e+01     1.00940e+01     2.39838e+01     1.00940e+01     2.26136e+01     1.00940e+01     2.52497e+01     1.00940e+01     3.01942e+01     1.00940e+01     3.61910e+01     1.00940e+01     4.18341e+01     1.00940e+01     4.53230e+01     1.00940e+01     5.22766e+01     1.00940e+01     6.29304e+01     1.00940e+01     7.71321e+01
     1.17912e+01     1.44760e+02     1.17912e+01     1.48431e+02     1.17912e+01     1.53427e+02     1.17912e+01     1.59356e+02     1.17912e+01     1.65237e+02     1.17912e+01     1.72143e+02     1.17912e+01     1.80706e+02     1.17912e+01     1.88698e+02     1.17912e+01     2.08536e+02     1.17912e+01     2.40576e+02     1.17912e+01     2.80204e+02     1.17912e+01     3.21821e+02     1.17912e+01     3.61962e+02     1.17912e+01     4.14497e+02     1.17912e+01     4.84998e+02     1.17912e+01     5.64325e+02     1.17912e+01     5.98807e+02     1.17912e+01     5.85203e+02     1.17912e+01     5.63386e+02
     1.36086e+01     1.40477e+02     1.36086e+01     1.45098e+02     1.36086e+01     1.51115e+02     1.36086e+01     1.58413e+02     1.36086e+01     1.67004e+02     1.36086e+01     1.75222e+02     1.36086e+01     1.84941e+02     1.36086e+01     2.07287e+02     1.36086e+01     2.50996e+02     1.36086e+01     3.08829e+02     1.36086e+01     3.70646e+02     1.36086e+01     4.38693e+02     1.36086e+01     6.00232e+02     1.36086e+01     6.77923e+02     1.36086e+01     6.81186e+02     1.36086e+01     6.58370e+02     1.36086e+01     6.28508e+02     1.36086e+01     5.98140e+02     1.36086e+01     5.67761e+02
     1.55353e+01     1.35217e+02     1.55353e+01     1.40928e+02     1.55353e+01     1.48319e+02     1.55353e+01     1.56985e+02     1.55353e+01     1.66570e+02     1.55353e+01     1.77748e+02     1.55353e+01     1.96290e+02     1.55353e+01     2.50520e+02     1.55353e+01     3.28786e+02     1.55353e+01     4.17131e+02     1.55353e+01     5.61711e+02     1.55353e+01     8.00481e+02     1.55353e+01     7.87778e+02     1.55353e+01     7.50955e+02     1.55353e+01     7.12135e+02     1.55353e+01     6.71801e+02     1.55353e+01     6.34562e+02     1.55353e+01     5.98888e+02     1.55353e+01     5.65201e+02
     1.75601e+01     1.29575e+02     1.75601e+01     1.36600e+02     1.75601e+01     1.45775e+02     1.75601e+01     1.56432e+02     1.75601e+01     1.67721e+02     1.75601e+01     1.82279e+02     1.75601e+01     2.28065e+02     1.75601e+01     3.10975e+02     1.75601e+01     4.10912e+02     1.75601e+01     5.41233e+02     1.75601e+01     8.49132e+02     1.75601e+01     8.39749e+02     1.75601e+01     7.97711e+02     1.75601e+01     7.53577e+02     1.75601e+01     7.07865e+02     1.75601e+01     6.65841e+02     1.75601e+01     6.25721e+02     1.75601e+01     5.88150e+02     1.75601e+01     5.52446e+02
     1.96711e+01     1.23621e+02     1.96711e+01     1.32188e+02     1.96711e+01     1.42379e+02     1.96711e+01     1.54132e+02     1.96711e+01     1.67871e+02     1.96711e+01     1.97065e+02     1.96711e+01     2.73194e+02     1.96711e+01     3.77935e+02     1.96711e+01     4.82827e+02     1.96711e+01     8.29641e+02     1.96711e+01     8.81740e+02     1.96711e+01     8.42701e+02     1.96711e+01     7.96038e+02     1.96711e+01     7.45875e+02     1.96711e+01     6.99445e+02     1.96711e+01     6.55247e+02     1.96711e+01     6.13577e+02     1.96711e+01     5.74496e+02     1.96711e+01     5.37291e+02
     2.18560e+01     1.16093e+02     2.18560e+01     1.25543e+02     2.18560e+01     1.36923e+02     2.18560e+01     1.50396e+02     2.18560e+01     1.69121e+02     2.18560e+01     2.35319e+02     2.18560e+01     3.46712e+02     2.18560e+01     4.41642e+02     2.18560e+01     5.91813e+02     2.18560e+01     8.81757e+02     2.18560e+01     8.80997e+02     2.18560e+01     8.42262e+02     2.18560e+01     7.94292e+02     2.18560e+01     7.43734e+02     2.18560e+01     6.95895e+02     2.18560e+01     6.50809e+02     2.18560e+01     6.08944e+02     2.18560e+01     5.69548e+02     2.18560e+01     5.31762e+02
     2.41018e+01     1.08197e+02     2.41018e+01     1.18275e+02     2.41018e+01     1.31531e+02     2.41018e+01     1.46957e+02     2.41018e+01     1.84823e+02     2.41018e+01     2.93407e+02     2.41018e+01     4.33725e+02     2.41018e+01     4.57062e+02     2.41018e+01     5.83432e+02     2.41018e+01     8.90489e+02     2.41018e+01     8.84339e+02     2.41018e+01     8.47951e+02     2.41018e+01     7.95985e+02     2.41018e+01     7.44760e+02     2.41018e+01     6.96486e+02     2.41018e+01     6.51991e+02     2.41018e+01     6.10263e+02     2.41018e+01     5.70865e+02     2.41018e+01     5.34140e+02
     2.63955e+01     9.79307e+01     2.63955e+01     1.08568e+02     2.63955e+01     1.22600e+02     2.63955e+01     1.39262e+02     2.63955e+01     2.08692e+02     2.63955e+01     3.55074e+02     2.63955e+01     4.72449e+02     2.63955e+01     5.34795e+02     2.63955e+01     6.61598e+02     2.63955e+01     8.88721e+02     2.63955e+01     8.90150e+02     2.63955e+01     8.49137e+02     2.63955e+01     8.03654e+02     2.63955e+01     7.58070e+02     2.63955e+01     7.12166e+02     2.63955e+01     6.68404e+02     2.63955e+01     6.27603e+02     2.63955e+01     5.89693e+02     2.63955e+01     5.53520e+02
     2.87235e+01     8.84978e+01     2.87235e+01     9.97769e+01     2.87235e+01     1.13318e+02     2.87235e+01     1.34688e+02     2.87235e+01     2.44093e+02     2.87235e+01     4.20446e+02     2.87235e+01     5.12017e+02     2.87235e+01     5.84244e+02     2.87235e+01     6.77745e+02     2.87235e+01     9.14126e+02     2.87235e+01     8.96764e+02     2.87235e+01     8.57109e+02     2.87235e+01     8.17153e+02     2.87235e+01     7.72168e+02     2.87235e+01     7.25393e+02     2.87235e+01     6.81802e+02     2.87235e+01     6.41010e+02     2.87235e+01     6.03153e+02     2.87235e+01     5.67965e+02
     3.10722e+01     8.12458e+01     3.10722e+01     9.34826e+01     3.10722e+01     1.07561e+02     3.10722e+01     1.41626e+02     3.10722e+01     2.77370e+02     3.10722e+01     4.61209e+02     3.10722e+01     5.25488e+02     3.10722e+01     6.03907e+02     3.10722e+01     7.37103e+02     3.10722e+01     9.27754e+02     3.10722e+01     9.00785e+02     3.10722e+01     8.61788e+02     3.10722e+01     8.20394e+02     3.10722e+01     7.73049e+02     3.10722e+01     7.25626e+02     3.10722e+01     6.81437e+02     3.10722e+01     6.40305e+02     3.10722e+01     6.01704e+02     3.10722e+01     5.66317e+02
     3.34278e+01     7.30819e+01     3.34278e+01     8.52530e+01     3.34278e+01     1.00553e+02     3.34278e+01     1.52977e+02     3.34278e+01     3.16585e+02     3.34278e+01     4.83329e+02     3.34278e+01     5.58441e+02     3.34278e+01     6.48965e+02     3.34278e+01     8.21488e+02     3.34278e+01     9.36980e+02     3.34278e+01     9.06143e+02     3.34278e+01     8.66458e+02     3.34278e+01     8.23930e+02     3.34278e+01     7.76694e+02     3.34278e+01     7.29423e+02     3.34278e+01     6.84608e+02     3.34278e+01     6.42547e+02     3.34278e+01     6.03124e+02     3.34278e+01     5.66501e+02
     3.57765e+01     6.39309e+01     3.57765e+01     7.57608e+01     3.57765e+01     9.13711e+01     3.57765e+01     1.67970e+02     3.57765e+01     3.65092e+02     3.57765e+01     5.17622e+02     3.57765e+01     6.09059e+02     3.57765e+01     7.13405e+02     3.57765e+01     8.49923e+02     3.57765e+01     9.49502e+02     3.57765e+01     9.15042e+02     3.57765e+01     8.71758e+02     3.57765e+01     8.28866e+02     3.57765e+01     7.82943e+02     3.57765e+01     7.34586e+02     3.57765e+01     6.87489e+02     3.57765e+01     6.42740e+02     3.57765e+01     6.00535e+02     3.57765e+01     5.60553e+02
     3.81045e+01     5.69281e+01     3.81045e+01     6.86796e+01     3.81045e+01     8.44319e+01     3.81045e+01     1.86153e+02     3.81045e+01     3.99124e+02     3.81045e+01     5.34352e+02     3.81045e+01     6.28515e+02     3.81045e+01     7.40633e+02     3.81045e+01     8.71328e+02     3.81045e+01     9.55292e+02     3.81045e+01     9.19237e+02     3.81045e+01     8.74929e+02     3.81045e+01     8.31408e+02     3.81045e+01     7.83931e+02     3.81045e+01     7.33126e+02     3.81045e+01     6.82867e+02     3.81045e+01     6.34029e+02     3.81045e+01     5.87355e+02     3.81045e+01     5.41896e+02
     4.03982e+01     5.08309e+01     4.03982e+01     6.25367e+01     4.03982e+01     7.84252e+01     4.03982e+01     2.01140e+02     4.03982e+01     4.22403e+02     4.03982e+01     5.40103e+02     4.03982e+01     6.33109e+02     4.03982e+01     7.51488e+02     4.03982e+01     8.93469e+02     4.03982e+01     9.58566e+02     4.03982e+01     9.22040e+02     4.03982e+01     8.77162e+02     4.03982e+01     8.32292e+02     4.03982e+01     7.82368e+02     4.03982e+01     7.28126e+02     4.03982e+01     6.73474e+02     4.03982e+01     6.19448e+02     4.03982e+01     5.67442e+02     4.03982e+01     5.21450e+02
     4.26440e+01     4.54649e+01     4.26440e+01     5.68664e+01     4.26440e+01     9.04038e+01     4.26440e+01     2.40962e+02     4.26440e+01     4.52115e+02     4.26440e+01     5.64647e+02     4.26440e+01     6.76204e+02     4.26440e+01     8.02475e+02     4.26440e+01     9.34401e+02     4.26440e+01     9.44910e+02     4.26440e+01     9.11258e+02     4.26440e+01     8.72990e+02     4.26440e+01     8.32499e+02     4.26440e+01     7.83215e+02     4.26440e+01     7.29765e+02     4.26440e+01     6.76068e+02     4.26440e+01     6.21907e+02     4.26440e+01     5.68378e+02     4.26440e+01     5.20806e+02
     4.48289e+01     4.05079e+01     4.48289e+01     5.10200e+01     4.48289e+01     1.08617e+02     4.48289e+01     2.69920e+02     4.48289e+01     4.66002e+02     4.48289e+01     5.83625e+02     4.48289e+01     7.12924e+02     4.48289e+01     8.42577e+02     4.48289e+01     9.51130e+02     4.48289e+01     9.32080e+02     4.48289e+01     8.99737e+02     4.48289e+01     8.67481e+02     4.48289e+01     8.35310e+02     4.48289e+01     7.84446e+02     4.48289e+01     7.32107e+02     4.48289e+01     6.78638e+02     4.48289e+01     6.24667e+02     4.48289e+01     5.70026e+02     4.48289e+01     5.20536e+02
     4.69399e+01     3.64568e+01     4.69399e+01     4.65572e+01     4.69399e+01     1.14749e+02     4.69399e+01     2.78936e+02     4.69399e+01     4.68809e+02     4.69399e+01     5.85375e+02     4.69399e+01     7.16553e+02     4.69399e+01     8.45413e+02     4.69399e+01     9.46259e+02     4.69399e+01     9.28290e+02     4.69399e+01     8.97430e+02     4.69399e+01     8.66221e+02     4.69399e+01     8.34242e+02     4.69399e+01     7.83826e+02     4.69399e+01     7.29881e+02     4.69399e+01     6.73811e+02     4.69399e+01     6.15141e+02     4.69399e+01     5.58940e+02     4.69399e+01     5.08631e+02
     4.89647e+01     3.25432e+01     4.89647e+01     4.24022e+01     4.89647e+01     1.20644e+02     4.89647e+01     2.90011e+02     4.89647e+01     4.68275e+02     4.89647e+01     5.83692e+02     4.89647e+01     7.15764e+02     4.89647e+01     8.44147e+02     4.89647e+01     9.40333e+02     4.89647e+01     9.23861e+02     4.89647e+01     8.94571e+02     4.89647e+01     8.64081e+02     4.89647e+01     8.32507e+02     4.89647e+01     7.82831e+02     4.89647e+01     7.27569e+02     4.89647e+01     6.68204e+02     4.89647e+01     6.05520e+02     4.89647e+01     5.48637e+02     4.89647e+01     4.97399e+02
     5.08914e+01     2.89984e+01     5.08914e+01     3.85860e+01     5.08914e+01     1.25404e+02     5.08914e+01     3.00525e+02     5.08914e+01     4.65418e+02     5.08914e+01     5.78494e+02     5.08914e+01     7.11018e+02     5.08914e+01     8.39504e+02     5.08914e+01     9.33504e+02     5.08914e+01     9.18680e+02     5.08914e+01     8.91052e+02     5.08914e+01     8.61475e+02     5.08914e+01     8.29902e+02     5.08914e+01     7.81715e+02     5.08914e+01     7.25084e+02     5.08914e+01     6.62535e+02     5.08914e+01     5.97141e+02     5.08914e+01     5.39155e+02     5.08914e+01     4.86935e+02
     5.27088e+01     2.57712e+01     5.27088e+01     3.50516e+01     5.27088e+01     1.28578e+02     5.27088e+01     3.05589e+02     5.27088e+01     4.59491e+02     5.27088e+01     5.71180e+02     5.27088e+01     7.03638e+02     5.27088e+01     8.31779e+02     5.27088e+01     9.25666e+02     5.27088e+01     9.12926e+02     5.27088e+01     8.87020e+02     5.27088e+01     8.58290e+02     5.27088e+01     8.26859e+02     5.27088e+01     7.80559e+02     5.27088e+01     7.22662e+02     5.27088e+01     6.56775e+02     5.27088e+01     5.89492e+02     5.27088e+01     5.30716e+02     5.27088e+01     4.77574e+02
     5.44060e+01     2.28564e+01     5.44060e+01     3.17941e+01     5.44060e+01     1.30362e+02     5.44060e+01     3.06581e+02     5.44060e+01     4.52066e+02     5.44060e+01     5.62376e+02     5.44060e+01     6.94169e+02     5.44060e+01     8.21575e+02     5.44060e+01     9.17199e+02     5.44060e+01     9.06723e+02     5.44060e+01     8.82564e+02     5.44060e+01     8.54642e+02     5.44060e+01     8.23349e+02     5.44060e+01     7.79621e+02     5.44060e+01     7.20164e+02     5.44060e+01     6.50231e+02     5.44060e+01     5.82944e+02     5.44060e+01     5.23278e+02     5.44060e+01     4.69056e+02
     5.59733e+01     2.02532e+01     5.59733e+01     2.88250e+01     5.59733e+01     1.31512e+02     5.59733e+01     3.05756e+02     5.59733e+01     4.42637e+02     5.59733e+01     5.52486e+02     5.59733e+01     6.83227e+02     5.59733e+01     8.09583e+02     5.59733e+01     9.08283e+02     5.59733e+01     9.00158e+02     5.59733e+01     8.77747e+02     5.59733e+01     8.50618e+02     5.59733e+01     8.19337e+02     5.59733e+01     7.78553e+02     5.59733e+01     7.17889e+02     5.59733e+01     6.45598e+02     5.59733e+01     5.77457e+02     5.59733e+01     5.16738e+02     5.59733e+01     4.61718e+02
     5.74013e+01     1.78410e+01     5.74013e+01     2.62460e+01     5.74013e+01     1.30443e+02     5.74013e+01     3.00247e+02     5.74013e+01     4.28242e+02     5.74013e+01     5.36077e+02     5.74013e+01     6.64038e+02     5.74013e+01     7.87872e+02     5.74013e+01     8.90964e+02     5.74013e+01     8.86311e+02     5.74013e+01     8.66877e+02     5.74013e+01     8.41924e+02     5.74013e+01     8.12713e+02     5.74013e+01     7.77785e+02     5.74013e+01     7.18596e+02     5.74013e+01     6.47482e+02     5.74013e+01     5.78141e+02     5.74013e+01     5.16392e+02     5.74013e+01     4.60504e+02
     5.86818e+01     1.57536e+01     5.86818e+01     2.53106e+01     5.86818e+01     1.28533e+02     5.86818e+01     2.92304e+02     5.86818e+01     4.13737e+02     5.86818e+01     5.19167e+02     5.86818e+01     6.43964e+02     5.86818e+01     7.65029e+02     5.86818e+01     8.72717e+02     5.86818e+01     8.71201e+02     5.86818e+01     8.54951e+02     5.86818e+01     8.32242e+02     5.86818e+01     8.05129e+02     5.86818e+01     7.73363e+02     5.86818e+01     7.19906e+02     5.86818e+01     6.51140e+02     5.86818e+01     5.80357e+02     5.86818e+01     5.17836e+02     5.86818e+01     4.61178e+02
     5.98071e+01     1.35097e+01     5.98071e+01     2.35884e+01     5.98071e+01     1.18608e+02     5.98071e+01     2.65463e+02     5.98071e+01     3.73184e+02     5.98071e+01     4.69584e+02     5.98071e+01     5.83413e+02     5.98071e+01     6.94578e+02     5.98071e+01     8.05757e+02     5.98071e+01     8.11606e+02     5.98071e+01     8.04424e+02     5.98071e+01     7.90347e+02     5.98071e+01     7.73823e+02     5.98071e+01     7.53367e+02     5.98071e+01     7.23872e+02     5.98071e+01     6.75613e+02     5.98071e+01     6.17351e+02     5.98071e+01     5.51272e+02     5.98071e+01     4.93181e+02
     6.07707e+01     1.15524e+01     6.07707e+01     2.16333e+01     6.07707e+01     1.07254e+02     6.07707e+01     2.36748e+02     6.07707e+01     3.30877e+02     6.07707e+01     4.17505e+02     6.07707e+01     5.19432e+02     6.07707e+01     6.19660e+02     6.07707e+01     7.25391e+02     6.07707e+01     7.41777e+02     6.07707e+01     7.41856e+02     6.07707e+01     7.35643e+02     6.07707e+01     7.27567e+02     6.07707e+01     7.16605e+02     6.07707e+01     7.02850e+02     6.07707e+01     6.74815e+02     6.07707e+01     6.36967e+02     6.07707e+01     5.90814e+02     6.07707e+01     5.33847e+02
     6.15669e+01     9.98032e+00     6.15669e+01     1.97646e+01     6.15669e+01     9.69051e+01     6.15669e+01     2.11691e+02     6.15669e+01     2.94494e+02     6.15669e+01     3.72422e+02     6.15669e+01     4.63883e+02     6.15669e+01     5.54272e+02     6.15669e+01     6.50069e+02     6.15669e+01     6.76270e+02     6.15669e+01     6.81121e+02     6.15669e+01     6.80364e+02     6.15669e+01     6.77706e+02     6.15669e+01     6.73176e+02     6.15669e+01     6.66683e+02     6.15669e+01     6.55543e+02     6.15669e+01     6.29763e+02     6.15669e+01     5.99652e+02     6.15669e+01     5.62824e+02
     6.21911e+01     7.66386e+00     6.21911e+01     1.57274e+01     6.21911e+01     7.72176e+01     6.21911e+01     1.68134e+02     6.21911e+01     2.34845e+02     6.21911e+01     2.97016e+02     6.21911e+01     3.70255e+02     6.21911e+01     4.43525e+02     6.21911e+01     5.21876e+02     6.21911e+01     5.60748e+02     6.21911e+01     5.71074e+02     6.21911e+01     5.76279e+02     6.21911e+01     5.79193e+02     6.21911e+01     5.82074e+02     6.21911e+01     5.83381e+02     6.21911e+01     5.83629e+02     6.21911e+01     5.80482e+02     6.21911e+01     5.66561e+02     6.21911e+01     5.50350e+02
     6.26396e+01     5.95083e+00     6.26396e+01     1.25781e+01     6.26396e+01     6.18340e+01     6.26396e+01     1.34412e+02     6.26396e+01     1.88401e+02     6.26396e+01     2.38266e+02     6.26396e+01     2.97179e+02     6.26396e+01     3.56675e+02     6.26396e+01     4.20497e+02     6.26396e+01     4.62713e+02     6.26396e+01     4.74743e+02     6.26396e+01     4.82707e+02     6.26396e+01     4.88472e+02     6.26396e+01     4.94000e+02     6.26396e+01     4.99062e+02     6.26396e+01     5.03379e+02     6.26396e+01     5.07001e+02     6.26396e+01     5.06867e+02     6.26396e+01     4.99721e+02
     6.29098e+01     4.95556e+00     6.29098e+01     1.06533e+01     6.29098e+01     5.24430e+01     6.29098e+01     1.13878e+02     6.29098e+01     1.59898e+02     6.29098e+01     2.02273e+02     6.29098e+01     2.52298e+02     6.29098e+01     3.03253e+02     6.29098e+01     3.57814e+02     6.29098e+01     3.99179e+02     6.29098e+01     4.11429e+02     6.29098e+01     4.20141e+02     6.29098e+01     4.26793e+02     6.29098e+01     4.33051e+02     6.29098e+01     4.39428e+02     6.29098e+01     4.45080e+02     6.29098e+01     4.50323e+02     6.29098e+01     4.55221e+02     6.29098e+01     4.53586e+02

