0047.05000 
0047.10000 
0047.15000 
0047.20000 
0047.25000 
0047.30000 
0047.35000 
0047.40000 
0047.45000 
0047.50000 
0047.55000 
0047.60000 
0047.65000 
0047.70000 
0047.75000 
0047.80000 
0047.85000 
0047.90000 
0047.95000 
0048.00000 
0048.05000 
0048.10000 
0048.15000 
0048.20000 
0048.25000 
0048.30000 
0048.35000 
0048.40000 
0048.45000 
0048.50000 
0048.55000 
0048.60000 
0048.65000 
0048.70000 
0048.75000 
0048.80000 
0048.85000 
0048.90000 
0048.95000 
0049.00000 
0049.05000 
0049.10000 
0049.15000 
0049.20000 
0049.25000 
0049.30000 
0049.35000 
0049.40000 
0049.45000 
0049.50000 
0049.55000 
0049.60000 
0049.65000 
0049.70000 
0049.75000 
0049.80000 
0049.85000 
0049.90000 
0049.95000 
0050.00000 
0050.05000 
0050.10000 
0050.15000 
0050.20000 
0050.25000 
0050.30000 
0050.35000 
0050.40000 
0050.45000 
0050.50000 
0050.55000 
0050.60000 
0050.65000 
0050.70000 
0050.75000 
0050.80000 
0050.85000 
0050.90000 
0050.95000 
0051.00000 
0051.05000 
0051.10000 
0051.15000 
0051.20000 
0051.25000 
0051.30000 
0051.35000 
0051.40000 
0051.45000 
0051.50000 
0051.55000 
0051.60000 
0051.65000 
0051.70000 
0051.75000 
0051.80000 
0051.85000 
0051.90000 
0051.95000 
0052.00000 
0052.05000 
0052.10000 
0052.15000 
0052.20000 
0052.25000 
0052.30000 
0052.35000 
0052.40000 
0052.45000 
0052.50000 
0052.55000 
0052.60000 
0052.65000 
0052.70000 
0052.75000 
0052.80000 
0052.85000 
0052.90000 
0052.95000 
0053.00000 
0053.05000 
0053.10000 
0053.15000 
0053.20000 
0053.25000 
0053.30000 
0053.35000 
0053.40000 
0053.45000 
0053.50000 
0053.55000 
0053.60000 
0053.65000 
0053.70000 
0053.75000 
0053.80000 
0053.85000 
0053.90000 
0053.95000 
0054.00000 
0054.05000 
0054.10000 
0054.15000 
0054.20000 
0054.25000 
0054.30000 
0054.35000 
0054.40000 
0054.45000 
0054.50000 
0054.55000 
0054.60000 
0054.65000 
0054.70000 
0054.75000 
0054.80000 
0054.85000 
0054.90000 
0054.95000 
0055.00000 
0055.05000 
0055.10000 
0055.15000 
0055.20000 
0055.25000 
0055.30000 
0055.35000 
0055.40000 
0055.45000 
0055.50000 
0055.55000 
0055.60000 
0055.65000 
0055.70000 
0055.75000 
0055.80000 
0055.85000 
0055.90000 
0055.95000 
0056.00000 
0056.05000 
0056.10000 
0056.15000 
0056.20000 
0056.25000 
0056.30000 
0056.35000 
0056.40000 
0056.45000 
0056.50000 
0056.55000 
0056.60000 
0056.65000 
0056.70000 
0056.75000 
0056.80000 
0056.85000 
0056.90000 
0056.95000 
0057.00000 
0057.05000 
0057.10000 
0057.15000 
0057.20000 
0057.25000 
0057.30000 
0057.35000 
0057.40000 
0057.45000 
0057.50000 
0057.55000 
0057.60000 
0057.65000 
0057.70000 
0057.75000 
0057.80000 
0057.85000 
0057.90000 
0057.95000 
0058.00000 
0058.05000 
0058.10000 
0058.15000 
0058.20000 
0058.25000 
0058.30000 
0058.35000 
0058.40000 
0058.45000 
0058.50000 
0058.55000 
0058.60000 
0058.65000 
0058.70000 
0058.75000 
0058.80000 
0058.85000 
0058.90000 
0058.95000 
0059.00000 
0059.05000 
0059.10000 
0059.15000 
0059.20000 
0059.25000 
0059.30000 
0059.35000 
0059.40000 
0059.45000 
0059.50000 
0059.55000 
0059.60000 
0059.65000 
0059.70000 
0059.75000 
0059.80000 
0059.85000 
0059.90000 
0059.95000 
0060.00000 
0060.05000 
0060.10000 
0060.15000 
0060.20000 
0060.25000 
0060.30000 
0060.35000 
0060.40000 
0060.45000 
0060.50000 
0060.55000 
0060.60000 
0060.65000 
0060.70000 
0060.75000 
0060.80000 
0060.85000 
0060.90000 
0060.95000 
0061.00000 
0061.05000 
0061.10000 
0061.15000 
0061.20000 
0061.25000 
0061.30000 
0061.35000 
0061.40000 
0061.45000 
0061.50000 
0061.55000 
0061.60000 
0061.65000 
0061.70000 
0061.75000 
0061.80000 
0061.85000 
0061.90000 
0061.95000 
0062.00000 
0062.05000 
0062.10000 
0062.15000 
0062.20000 
0062.25000 
0062.30000 
0062.35000 
0062.40000 
0062.45000 
0062.50000 
0062.55000 
0062.60000 
0062.65000 
0062.70000 
0062.75000 
0062.80000 
0062.85000 
0062.90000 
0062.95000 
0063.00000 
0063.05000 
0063.10000 
0063.15000 
0063.20000 
0063.25000 
0063.30000 
0063.35000 
0063.40000 
0063.45000 
0063.50000 
0063.55000 
0063.60000 
0063.65000 
0063.70000 
0063.75000 
0063.80000 
0063.85000 
0063.90000 
0063.95000 
0064.00000 
0064.05000 
0064.10000 
0064.15000 
0064.20000 
0064.25000 
0064.30000 
0064.35000 
0064.40000 
0064.45000 
0064.50000 
0064.55000 
0064.60000 
0064.65000 
0064.70000 
0064.75000 
0064.80000 
0064.85000 
0064.90000 
0064.95000 
0065.00000 
0065.05000 
0065.10000 
0065.15000 
0065.20000 
0065.25000 
0065.30000 
0065.35000 
0065.40000 
0065.45000 
0065.50000 
0065.55000 
0065.60000 
0065.65000 
0065.70000 
0065.75000 
0065.80000 
0065.85000 
0065.90000 
0065.95000 
0066.00000 
0066.05000 
0066.10000 
0066.15000 
0066.20000 
0066.25000 
0066.30000 
0066.35000 
0066.40000 
0066.45000 
0066.50000 
0066.55000 
0066.60000 
0066.65000 
0066.70000 
0066.75000 
0066.80000 
0066.85000 
0066.90000 
0066.95000 
0067.00000 
0067.05000 
0067.10000 
0067.15000 
0067.20000 
0067.25000 
0067.30000 
0067.35000 
0067.40000 
0067.45000 
0067.50000 
0067.55000 
0067.60000 
0067.65000 
0067.70000 
0067.75000 
0067.80000 
0067.85000 
0067.90000 
0067.95000 
0068.00000 
0068.05000 
0068.10000 
0068.15000 
0068.20000 
0068.25000 
0068.30000 
0068.35000 
0068.40000 
0068.45000 
0068.50000 
0068.55000 
0068.60000 
0068.65000 
0068.70000 
0068.75000 
0068.80000 
0068.85000 
0068.90000 
0068.95000 
0069.00000 
0069.05000 
0069.10000 
0069.15000 
0069.20000 
0069.25000 
0069.30000 
0069.35000 
0069.40000 
0069.45000 
0069.50000 
0069.55000 
0069.60000 
0069.65000 
0069.70000 
0069.75000 
0069.80000 
0069.85000 
0069.90000 
0069.95000 
0070.00000 
0070.05000 
0070.10000 
0070.15000 
0070.20000 
0070.25000 
0070.30000 
0070.35000 
0070.40000 
0070.45000 
0070.50000 
0070.55000 
0070.60000 
0070.65000 
0070.70000 
0070.75000 
0070.80000 
0070.85000 
0070.90000 
0070.95000 
0071.00000 
0071.05000 
0071.10000 
0071.15000 
0071.20000 
0071.25000 
0071.30000 
0071.35000 
0071.40000 
0071.45000 
0071.50000 
0071.55000 
0071.60000 
0071.65000 
0071.70000 
0071.75000 
0071.80000 
0071.85000 
0071.90000 
0071.95000 
0072.00000 
0072.05000 
0072.10000 
0072.15000 
0072.20000 
0072.25000 
0072.30000 
0072.35000 
0072.40000 
0072.45000 
0072.50000 
0072.55000 
0072.60000 
0072.65000 
0072.70000 
0072.75000 
0072.80000 
0072.85000 
0072.90000 
0072.95000 
0073.00000 
0073.05000 
0073.10000 
0073.15000 
0073.20000 
0073.25000 
0073.30000 
0073.35000 
0073.40000 
0073.45000 
0073.50000 
0073.55000 
0073.60000 
0073.65000 
0073.70000 
0073.75000 
0073.80000 
0073.85000 
0073.90000 
0073.95000 
0074.00000 
0074.05000 
0074.10000 
0074.15000 
0074.20000 
0074.25000 
0074.30000 
0074.35000 
0074.40000 
0074.45000 
0074.50000 
0074.55000 
0074.60000 
0074.65000 
0074.70000 
0074.75000 
0074.80000 
0074.85000 
0074.90000 
0074.95000 
0075.00000 
0075.05000 
0075.10000 
0075.15000 
0075.20000 
0075.25000 
0075.30000 
0075.35000 
0075.40000 
0075.45000 
0075.50000 
0075.55000 
0075.60000 
0075.65000 
0075.70000 
0075.75000 
0075.80000 
0075.85000 
0075.90000 
0075.95000 
0076.00000 
0076.05000 
0076.10000 
0076.15000 
0076.20000 
0076.25000 
0076.30000 
0076.35000 
0076.40000 
0076.45000 
0076.50000 
0076.55000 
0076.60000 
0076.65000 
0076.70000 
0076.75000 
0076.80000 
0076.85000 
0076.90000 
0076.95000 
0077.00000 
0077.05000 
0077.10000 
0077.15000 
0077.20000 
0077.25000 
0077.30000 
0077.35000 
0077.40000 
0077.45000 
0077.50000 
0077.55000 
0077.60000 
0077.65000 
0077.70000 
0077.75000 
0077.80000 
0077.85000 
0077.90000 
0077.95000 
0078.00000 
0078.05000 
0078.10000 
0078.15000 
0078.20000 
0078.25000 
0078.30000 
0078.35000 
0078.40000 
0078.45000 
0078.50000 
0078.55000 
0078.60000 
0078.65000 
0078.70000 
0078.75000 
0078.80000 
0078.85000 
0078.90000 
0078.95000 
0079.00000 
0079.05000 
0079.10000 
0079.15000 
0079.20000 
0079.25000 
0079.30000 
0079.35000 
0079.40000 
0079.45000 
0079.50000 
0079.55000 
0079.60000 
0079.65000 
0079.70000 
0079.75000 
0079.80000 
0079.85000 
0079.90000 
0079.95000 
0080.00000 
0080.05000 
0080.10000 
0080.15000 
0080.20000 
0080.25000 
0080.30000 
0080.35000 
0080.40000 
0080.45000 
0080.50000 
0080.55000 
0080.60000 
0080.65000 
0080.70000 
0080.75000 
0080.80000 
0080.85000 
0080.90000 
0080.95000 
0081.00000 
0081.05000 
0081.10000 
0081.15000 
0081.20000 
0081.25000 
0081.30000 
0081.35000 
0081.40000 
0081.45000 
0081.50000 
0081.55000 
0081.60000 
0081.65000 
0081.70000 
0081.75000 
0081.80000 
0081.85000 
0081.90000 
0081.95000 
0082.00000 
0082.05000 
0082.10000 
0082.15000 
0082.20000 
0082.25000 
0082.30000 
0082.35000 
0082.40000 
0082.45000 
0082.50000 
0082.55000 
0082.60000 
0082.65000 
0082.70000 
0082.75000 
0082.80000 
0082.85000 
0082.90000 
0082.95000 
0083.00000 
0083.05000 
0083.10000 
0083.15000 
0083.20000 
0083.25000 
0083.30000 
0083.35000 
0083.40000 
0083.45000 
0083.50000 
0083.55000 
0083.60000 
0083.65000 
0083.70000 
0083.75000 
0083.80000 
0083.85000 
0083.90000 
0083.95000 
0084.00000 
0084.05000 
0084.10000 
0084.15000 
0084.20000 
0084.25000 
0084.30000 
0084.35000 
0084.40000 
0084.45000 
0084.50000 
0084.55000 
0084.60000 
0084.65000 
0084.70000 
0084.75000 
0084.80000 
0084.85000 
0084.90000 
0084.95000 
0085.00000 
0085.05000 
0085.10000 
0085.15000 
0085.20000 
0085.25000 
0085.30000 
0085.35000 
0085.40000 
0085.45000 
0085.50000 
0085.55000 
0085.60000 
0085.65000 
0085.70000 
0085.75000 
0085.80000 
0085.85000 
0085.90000 
0085.95000 
0086.00000 
0086.05000 
0086.10000 
0086.15000 
0086.20000 
0086.25000 
0086.30000 
0086.35000 
0086.40000 
0086.45000 
0086.50000 
0086.55000 
0086.60000 
0086.65000 
0086.70000 
0086.75000 
0086.80000 
0086.85000 
0086.90000 
0086.95000 
0087.00000 
0087.05000 
0087.10000 
0087.15000 
0087.20000 
0087.25000 
0087.30000 
0087.35000 
0087.40000 
0087.45000 
0087.50000 
0087.55000 
0087.60000 
0087.65000 
0087.70000 
0087.75000 
0087.80000 
0087.85000 
0087.90000 
0087.95000 
0088.00000 
0088.05000 
0088.10000 
0088.15000 
0088.20000 
0088.25000 
0088.30000 
0088.35000 
0088.40000 
0088.45000 
0088.50000 
0088.55000 
0088.60000 
0088.65000 
0088.70000 
0088.75000 
0088.80000 
0088.85000 
0088.90000 
0088.95000 
0089.00000 
0089.05000 
0089.10000 
0089.15000 
0089.20000 
0089.25000 
0089.30000 
0089.35000 
0089.40000 
0089.45000 
0089.50000 
0089.55000 
0089.60000 
0089.65000 
0089.70000 
0089.75000 
0089.80000 
0089.85000 
0089.90000 
0089.95000 
0090.00000 
0090.05000 
0090.10000 
0090.15000 
0090.20000 
0090.25000 
0090.30000 
0090.35000 
0090.40000 
0090.45000 
0090.50000 
0090.55000 
0090.60000 
0090.65000 
0090.70000 
0090.75000 
0090.80000 
0090.85000 
0090.90000 
0090.95000 
0091.00000 
0091.05000 
0091.10000 
0091.15000 
0091.20000 
0091.25000 
0091.30000 
0091.35000 
0091.40000 
0091.45000 
0091.50000 
0091.55000 
0091.60000 
0091.65000 
0091.70000 
0091.75000 
0091.80000 
0091.85000 
0091.90000 
0091.95000 
0092.00000 
0092.05000 
0092.10000 
0092.15000 
0092.20000 
0092.25000 
0092.30000 
0092.35000 
0092.40000 
0092.45000 
0092.50000 
0092.55000 
0092.60000 
0092.65000 
0092.70000 
0092.75000 
0092.80000 
0092.85000 
0092.90000 
0092.95000 
0093.00000 
0093.05000 
0093.10000 
0093.15000 
0093.20000 
0093.25000 
0093.30000 
0093.35000 
0093.40000 
0093.45000 
0093.50000 
0093.55000 
0093.60000 
0093.65000 
0093.70000 
0093.75000 
0093.80000 
0093.85000 
0093.90000 
0093.95000 
0094.00000 
0094.05000 
0094.10000 
0094.15000 
0094.20000 
0094.25000 
0094.30000 
0094.35000 
0094.40000 
0094.45000 
0094.50000 
0094.55000 
0094.60000 
0094.65000 
0094.70000 
0094.75000 
0094.80000 
0094.85000 
0094.90000 
0094.95000 
0095.00000 
0095.05000 
0095.10000 
0095.15000 
0095.20000 
0095.25000 
0095.30000 
0095.35000 
0095.40000 
0095.45000 
0095.50000 
0095.55000 
0095.60000 
0095.65000 
0095.70000 
0095.75000 
0095.80000 
0095.85000 
0095.90000 
0095.95000 
0096.00000 
0096.05000 
0096.10000 
0096.15000 
0096.20000 
0096.25000 
0096.30000 
0096.35000 
0096.40000 
0096.45000 
0096.50000 
0096.55000 
0096.60000 
0096.65000 
0096.70000 
0096.75000 
0096.80000 
0096.85000 
0096.90000 
0096.95000 
0097.00000 
0097.05000 
0097.10000 
0097.15000 
0097.20000 
0097.25000 
0097.30000 
0097.35000 
0097.40000 
0097.45000 
0097.50000 
0097.55000 
0097.60000 
0097.65000 
0097.70000 
0097.75000 
0097.80000 
0097.85000 
0097.90000 
0097.95000 
0098.00000 
0098.05000 
0098.10000 
0098.15000 
0098.20000 
0098.25000 
0098.30000 
0098.35000 
0098.40000 
0098.45000 
0098.50000 
0098.55000 
0098.60000 
0098.65000 
0098.70000 
0098.75000 
0098.80000 
0098.85000 
0098.90000 
0098.95000 
0099.00000 
0099.05000 
0099.10000 
0099.15000 
0099.20000 
0099.25000 
0099.30000 
0099.35000 
0099.40000 
0099.45000 
0099.50000 
0099.55000 
0099.60000 
0099.65000 
0099.70000 
0099.75000 
0099.80000 
0099.85000 
0099.90000 
0099.95000 
0100.00000 
