// 05.26.2018 23:16
//( AOA          6.2000E+04    9.4000E+04    1.2500E+05    1.8800E+05    2.5000E+05    3.7500E+05    5.0000E+05    7.5000E+05    1.0000E+06    1.5000E+06    2.0000E+06    3.0000E+06    4.0000E+06    6.0000E+06    8.0000E+06    1.2000E+07    1.6000E+07    2.0000E+07    2.4000E+07    3.2000E+07    )
( -2.5000E+01    2.6460E-01    2.3310E-01    1.9720E-01    1.9370E-01    1.8390E-01    1.7750E-01    1.8000E-01    1.8290E-01    1.8310E-01    1.8170E-01    1.8030E-01    1.7820E-01    1.7550E-01    1.7460E-01    1.7140E-01    1.6910E-01    1.6740E-01    1.6380E-01    1.6270E-01    1.6130E-01    )
( -2.4000E+01    2.5460E-01    2.2970E-01    2.0170E-01    1.9350E-01    1.8230E-01    1.6950E-01    1.6400E-01    1.6870E-01    1.7150E-01    1.7250E-01    1.7180E-01    1.6970E-01    1.6820E-01    1.6650E-01    1.6500E-01    1.6070E-01    1.5900E-01    1.5770E-01    1.5660E-01    1.5510E-01    )
( -2.3000E+01    2.4460E-01    2.2630E-01    2.0620E-01    1.9330E-01    1.8070E-01    1.6654E-01    1.5690E-01    1.5190E-01    1.5630E-01    1.6120E-01    1.6210E-01    1.6180E-01    1.6090E-01    1.5770E-01    1.5660E-01    1.5420E-01    1.5270E-01    1.5160E-01    1.5030E-01    1.4640E-01    )
( -2.2000E+01    2.3480E-01    2.2870E-01    2.1070E-01    1.9310E-01    1.7910E-01    1.6358E-01    1.5462E-01    1.3980E-01    1.3790E-01    1.4680E-01    1.5030E-01    1.5200E-01    1.5180E-01    1.5060E-01    1.4940E-01    1.4750E-01    1.4390E-01    1.4260E-01    1.4170E-01    1.4020E-01    )
( -2.1000E+01    2.2600E-01    2.2080E-01    2.1520E-01    1.9340E-01    1.7750E-01    1.6061E-01    1.5234E-01    1.3482E-01    1.2460E-01    1.2660E-01    1.3460E-01    1.4050E-01    1.4200E-01    1.4160E-01    1.4040E-01    1.3880E-01    1.3730E-01    1.3410E-01    1.3290E-01    1.3130E-01    )
( -2.0000E+01    2.1590E-01    2.1250E-01    2.0870E-01    1.9070E-01    1.7590E-01    1.5765E-01    1.5006E-01    1.2984E-01    1.1620E-01    1.0730E-01    1.1370E-01    1.2530E-01    1.2970E-01    1.3270E-01    1.3130E-01    1.2950E-01    1.2840E-01    1.2740E-01    1.2640E-01    1.2355E-01    )
( -1.9000E+01    2.0760E-01    2.0500E-01    1.9980E-01    1.8710E-01    1.7430E-01    1.5469E-01    1.4778E-01    1.2486E-01    1.1190E-01    8.8000E-02    8.8900E-02    1.0490E-01    1.1430E-01    1.2140E-01    1.2250E-01    1.2200E-01    1.1940E-01    1.1840E-01    1.1750E-01    1.1580E-01    )
( -1.8000E+01    1.9950E-01    1.9580E-01    1.9160E-01    1.8490E-01    1.7040E-01    1.5173E-01    1.4550E-01    1.1988E-01    9.5300E-02    7.0600E-02    6.7300E-02    7.5000E-02    9.1700E-02    1.0560E-01    1.1090E-01    1.1230E-01    1.1200E-01    1.1120E-01    1.1020E-01    1.0690E-01    )
( -1.7000E+01    1.9090E-01    1.8770E-01    1.8330E-01    1.7748E-01    1.6710E-01    1.4876E-01    1.4330E-01    1.1490E-01    7.8700E-02    5.7000E-02    5.4600E-02    5.3700E-02    6.6400E-02    8.3000E-02    9.3600E-02    1.0170E-01    1.0180E-01    1.0150E-01    1.0080E-01    9.7200E-02    )
( -1.6000E+01    1.8190E-01    1.8110E-01    1.7520E-01    1.7006E-01    1.6200E-01    1.4580E-01    1.3600E-01    1.1650E-01    6.2100E-02    4.7100E-02    4.6000E-02    4.2800E-02    4.1100E-02    5.9100E-02    7.3700E-02    8.7600E-02    9.1400E-02    9.0500E-02    9.1000E-02    9.0300E-02    )
( -1.5000E+01    1.7380E-01    1.7050E-01    1.6760E-01    1.6264E-01    1.5690E-01    1.4310E-01    1.3360E-01    1.1560E-01    6.3700E-02    3.9100E-02    3.6800E-02    3.3900E-02    3.1300E-02    3.5900E-02    4.9400E-02    6.8500E-02    7.6300E-02    7.9500E-02    8.0900E-02    7.9550E-02    )
( -1.4000E+01    1.6620E-01    1.6230E-01    1.5980E-01    1.5522E-01    1.5180E-01    1.3700E-01    1.2580E-01    1.1300E-01    6.2200E-02    3.1800E-02    3.0100E-02    2.5700E-02    2.3200E-02    2.0100E-02    2.7300E-02    4.6950E-02    6.0400E-02    6.4550E-02    6.8300E-02    6.8800E-02    )
( -1.3000E+01    1.5970E-01    1.5500E-01    1.5200E-01    1.4780E-01    1.4360E-01    1.3050E-01    1.1750E-01    1.0320E-01    6.5100E-02    2.7200E-02    2.5200E-02    2.1000E-02    1.7400E-02    1.4500E-02    1.3600E-02    2.5400E-02    3.9900E-02    4.9600E-02    5.4200E-02    5.6380E-02    )
( -1.2000E+01    1.5530E-01    1.4950E-01    1.4470E-01    1.3990E-01    1.3700E-01    1.2600E-01    1.1500E-01    1.0030E-01    4.3600E-02    2.2900E-02    2.1500E-02    1.6900E-02    1.4300E-02    1.1300E-02    1.0500E-02    9.8000E-03    2.3900E-02    2.9800E-02    3.8200E-02    4.3960E-02    )
( -1.1000E+01    1.4590E-01    1.4140E-01    1.3930E-01    1.3210E-01    1.3040E-01    1.2140E-01    1.0500E-01    8.9200E-02    2.2100E-02    1.9300E-02    1.7700E-02    1.5000E-02    1.2000E-02    1.0000E-02    8.7000E-03    8.3000E-03    7.9000E-03    1.1500E-02    2.2850E-02    3.1540E-02    )
( -1.0000E+01    1.4190E-01    1.3880E-01    1.3530E-01    1.2430E-01    1.2293E-01    1.1480E-01    1.0290E-01    8.5100E-02    1.8800E-02    1.6900E-02    1.5400E-02    1.2500E-02    1.1000E-02    8.7000E-03    8.0000E-03    7.3000E-03    7.2000E-03    7.2000E-03    7.5000E-03    1.9120E-02    )
( -9.0000E+00    1.4730E-01    1.3100E-01    1.2270E-01    1.1650E-01    1.1547E-01    1.0820E-01    9.3900E-02    7.5300E-02    1.6400E-02    1.4900E-02    1.3700E-02    1.1000E-02    9.6000E-03    8.2000E-03    7.5000E-03    7.0000E-03    6.6000E-03    6.6000E-03    6.6000E-03    6.7000E-03    )
( -8.0000E+00    1.3490E-01    1.2150E-01    1.1540E-01    1.1060E-01    1.0800E-01    1.0240E-01    9.0400E-02    4.5350E-02    1.5200E-02    1.3400E-02    1.2000E-02    1.0200E-02    8.8000E-03    8.0000E-03    7.3000E-03    6.6000E-03    6.4000E-03    6.2000E-03    6.1000E-03    6.0000E-03    )
( -7.0000E+00    1.2250E-01    1.1140E-01    1.0880E-01    1.0470E-01    1.0090E-01    9.6600E-02    7.9400E-02    1.5400E-02    1.4000E-02    1.2300E-02    1.0900E-02    9.5000E-03    8.4000E-03    7.6000E-03    7.2000E-03    6.6000E-03    6.2000E-03    6.1000E-03    6.0000E-03    5.7000E-03    )
( -6.0000E+00    1.1190E-01    1.0670E-01    1.0330E-01    9.8900E-02    9.6100E-02    8.8400E-02    7.5100E-02    1.4400E-02    1.3000E-02    1.1400E-02    1.0200E-02    8.9000E-03    8.2000E-03    7.4000E-03    7.0000E-03    6.5000E-03    6.2000E-03    5.9000E-03    5.8000E-03    5.7000E-03    )
( -5.0000E+00    1.0670E-01    1.0145E-01    9.7900E-02    9.3300E-02    9.0333E-02    8.4300E-02    6.4000E-02    1.3800E-02    1.2300E-02    1.0700E-02    9.8000E-03    8.6000E-03    8.0000E-03    7.3000E-03    6.9000E-03    6.5000E-03    6.2000E-03    5.9000E-03    5.8000E-03    5.6000E-03    )
( -4.0000E+00    1.0270E-01    9.6200E-02    9.2500E-02    8.7600E-02    8.4567E-02    3.9800E-02    4.6200E-02    1.3300E-02    1.1800E-02    1.0300E-02    9.5000E-03    8.4000E-03    7.8000E-03    7.2000E-03    6.8000E-03    6.5000E-03    6.2000E-03    6.0000E-03    5.8000E-03    5.5000E-03    )
( -3.0000E+00    1.0085E-01    9.1800E-02    8.8100E-02    8.2900E-02    7.8800E-02    4.1800E-02    3.0700E-02    1.2900E-02    1.1500E-02    1.0100E-02    9.2000E-03    8.3000E-03    7.7000E-03    7.2000E-03    6.8000E-03    6.4000E-03    6.2000E-03    6.0000E-03    5.8000E-03    5.6000E-03    )
( -2.0000E+00    9.9000E-02    8.9000E-02    8.3600E-02    7.8733E-02    7.4000E-02    4.4400E-02    1.5200E-02    1.2500E-02    1.1300E-02    9.9500E-03    9.1000E-03    8.3000E-03    7.7000E-03    7.2000E-03    6.8000E-03    6.4000E-03    6.2000E-03    6.0000E-03    5.9000E-03    5.7000E-03    )
( -1.0000E+00    9.7150E-02    8.4000E-02    7.8800E-02    7.4567E-02    6.9200E-02    3.0950E-02    1.4900E-02    1.2400E-02    1.1200E-02    9.8000E-03    9.1000E-03    8.2000E-03    7.8000E-03    7.2000E-03    6.9000E-03    6.4000E-03    6.2000E-03    6.1000E-03    6.0000E-03    5.9000E-03    )
(  0.0000E+00    9.5300E-02    8.0000E-02    7.5200E-02    7.0400E-02    4.7950E-02    1.7500E-02    1.4800E-02    1.2400E-02    1.1100E-02    9.8000E-03    9.1000E-03    8.3000E-03    7.8000E-03    7.3000E-03    6.9000E-03    6.5000E-03    6.3000E-03    6.2000E-03    6.1000E-03    5.9000E-03    )
(  1.0000E+00    9.6800E-02    7.7200E-02    7.2500E-02    6.5000E-02    2.6700E-02    1.7200E-02    1.4600E-02    1.2300E-02    1.1200E-02    1.0000E-02    9.1000E-03    8.4000E-03    7.9000E-03    7.4000E-03    7.0500E-03    6.6000E-03    6.4500E-03    6.3000E-03    6.2000E-03    6.0000E-03    )
(  2.0000E+00    1.4770E-01    7.5200E-02    6.8600E-02    6.1850E-02    2.3400E-02    1.7100E-02    1.4700E-02    1.2500E-02    1.1300E-02    1.0000E-02    9.3000E-03    8.4000E-03    8.0000E-03    7.5000E-03    7.2000E-03    6.8000E-03    6.6000E-03    6.4000E-03    6.3000E-03    6.2000E-03    )
(  3.0000E+00    1.5350E-01    7.4600E-02    6.5900E-02    5.8700E-02    2.3100E-02    1.7300E-02    1.5000E-02    1.2700E-02    1.1500E-02    1.0200E-02    9.5000E-03    8.6000E-03    8.2000E-03    7.6000E-03    7.4000E-03    7.0000E-03    6.7000E-03    6.6000E-03    6.5000E-03    6.3000E-03    )
(  4.0000E+00    1.5420E-01    7.4900E-02    6.4000E-02    5.5200E-02    2.2600E-02    1.7400E-02    1.5200E-02    1.3000E-02    1.1800E-02    1.0400E-02    9.7000E-03    8.9000E-03    8.4000E-03    7.8500E-03    7.6000E-03    7.2000E-03    7.0000E-03    6.8000E-03    6.8000E-03    6.9000E-03    )
(  5.0000E+00    1.5540E-01    9.4900E-02    6.2700E-02    3.6500E-02    2.2800E-02    1.7900E-02    1.5600E-02    1.3400E-02    1.2150E-02    1.0800E-02    1.0000E-02    9.1000E-03    8.7000E-03    8.1000E-03    7.8000E-03    7.5000E-03    7.2000E-03    7.4000E-03    7.6500E-03    7.8000E-03    )
(  6.0000E+00    1.5530E-01    1.1000E-01    6.0000E-02    2.9300E-02    2.3100E-02    1.8300E-02    1.6100E-02    1.3800E-02    1.2500E-02    1.1100E-02    1.0400E-02    9.5000E-03    9.0000E-03    8.4000E-03    8.1000E-03    7.9000E-03    8.2500E-03    8.5000E-03    8.5000E-03    8.6000E-03    )
(  7.0000E+00    1.5540E-01    1.2510E-01    5.7300E-02    2.9500E-02    2.3800E-02    1.9000E-02    1.6700E-02    1.4300E-02    1.3000E-02    1.1600E-02    1.0800E-02    9.9000E-03    9.4000E-03    8.8000E-03    8.6000E-03    9.1000E-03    9.3000E-03    9.5000E-03    9.4500E-03    9.4000E-03    )
(  8.0000E+00    1.5460E-01    1.4020E-01    5.5800E-02    3.0700E-02    2.4700E-02    1.9700E-02    1.7400E-02    1.4900E-02    1.3600E-02    1.2100E-02    1.1200E-02    1.0400E-02    9.8000E-03    9.7000E-03    1.0150E-02    1.0500E-02    1.0700E-02    1.0600E-02    1.0400E-02    1.0100E-02    )
(  9.0000E+00    1.5475E-01    1.4110E-01    7.7450E-02    3.1500E-02    2.5500E-02    2.0500E-02    1.8200E-02    1.5600E-02    1.4200E-02    1.2700E-02    1.1800E-02    1.0900E-02    1.0800E-02    1.1300E-02    1.1700E-02    1.1900E-02    1.1600E-02    1.1400E-02    1.1200E-02    1.0900E-02    )
(  1.0000E+01    1.5490E-01    1.4300E-01    9.9100E-02    3.2700E-02    2.6600E-02    2.1500E-02    1.9100E-02    1.6600E-02    1.5100E-02    1.3500E-02    1.2600E-02    1.2700E-02    1.2700E-02    1.3100E-02    1.3300E-02    1.3000E-02    1.2600E-02    1.2600E-02    1.2400E-02    1.1900E-02    )
(  1.1000E+01    1.5640E-01    1.4060E-01    1.2075E-01    3.3900E-02    2.7300E-02    2.2700E-02    2.0600E-02    1.8000E-02    1.6400E-02    1.4500E-02    1.3900E-02    1.4500E-02    1.5500E-02    1.5300E-02    1.5100E-02    1.4300E-02    1.4100E-02    1.3800E-02    1.3400E-02    1.2800E-02    )
(  1.2000E+01    1.5490E-01    1.4800E-01    1.4240E-01    3.4600E-02    2.8600E-02    2.4800E-02    2.2800E-02    2.0200E-02    1.8200E-02    1.6800E-02    1.7600E-02    1.8000E-02    1.8300E-02    1.8100E-02    1.7400E-02    1.6600E-02    1.6000E-02    1.5300E-02    1.4700E-02    1.4300E-02    )
(  1.3000E+01    1.6100E-01    1.5720E-01    1.4820E-01    3.6100E-02    3.1400E-02    2.8100E-02    2.6200E-02    2.3100E-02    2.1600E-02    2.2300E-02    2.2500E-02    2.3100E-02    2.3100E-02    2.1900E-02    2.0600E-02    1.9800E-02    1.8400E-02    1.8300E-02    1.7200E-02    1.6300E-02    )
(  1.4000E+01    1.6940E-01    1.6690E-01    1.5320E-01    4.1700E-02    3.6400E-02    3.3200E-02    3.1200E-02    2.8900E-02    2.8900E-02    2.9700E-02    3.0000E-02    3.0300E-02    2.9200E-02    2.6800E-02    2.6300E-02    2.3700E-02    2.2000E-02    2.1300E-02    2.0400E-02    1.8900E-02    )
(  1.5000E+01    1.7830E-01    1.7690E-01    1.6030E-01    4.8500E-02    4.4500E-02    4.1500E-02    4.0100E-02    4.2200E-02    4.0500E-02    4.0500E-02    4.0500E-02    3.8700E-02    3.6900E-02    3.5000E-02    3.3000E-02    2.8900E-02    2.7700E-02    2.6100E-02    2.4700E-02    2.2700E-02    )
(  1.6000E+01    1.8880E-01    1.8630E-01    1.5960E-01    6.5000E-02    5.7400E-02    5.5300E-02    5.5100E-02    5.5500E-02    5.5400E-02    5.4700E-02    5.3700E-02    5.0800E-02    4.7400E-02    4.5000E-02    4.1300E-02    3.7900E-02    3.5000E-02    3.2400E-02    3.0400E-02    2.8200E-02    )
(  1.7000E+01    2.0060E-01    1.9670E-01    1.6510E-01    8.1500E-02    7.5000E-02    7.4750E-02    7.4600E-02    7.3900E-02    7.4000E-02    7.1200E-02    7.0000E-02    6.4600E-02    6.2200E-02    5.7300E-02    5.2000E-02    4.8100E-02    4.4000E-02    4.0600E-02    3.8600E-02    3.5300E-02    )
(  1.8000E+01    2.1240E-01    1.9210E-01    1.7060E-01    9.7800E-02    9.4300E-02    9.4200E-02    9.4400E-02    9.3700E-02    9.2600E-02    8.9300E-02    8.6300E-02    8.1200E-02    7.8200E-02    7.0600E-02    6.7000E-02    6.0800E-02    5.5100E-02    5.1600E-02    4.9100E-02    4.4400E-02    )
(  1.9000E+01    2.2295E-01    2.0500E-01    1.7610E-01    1.1340E-01    1.1260E-01    1.1280E-01    1.1410E-01    1.1260E-01    1.1070E-01    1.0640E-01    1.0250E-01    9.7800E-02    9.3800E-02    8.6600E-02    8.2700E-02    7.4800E-02    6.8500E-02    6.5000E-02    6.1300E-02    5.7100E-02    )
(  2.0000E+01    2.3350E-01    2.1770E-01    1.3570E-01    1.2820E-01    1.2990E-01    1.3140E-01    1.3130E-01    1.2950E-01    1.2640E-01    1.2210E-01    1.1840E-01    1.1370E-01    1.0910E-01    1.0330E-01    9.8600E-02    8.9900E-02    8.4100E-02    7.9500E-02    7.5400E-02    7.1400E-02    )
(  2.1000E+01    2.4540E-01    2.3760E-01    1.4880E-01    1.4360E-01    1.4550E-01    1.4720E-01    1.4680E-01    1.4430E-01    1.4200E-01    1.3630E-01    1.3340E-01    1.2830E-01    1.2320E-01    1.1810E-01    1.1390E-01    1.0510E-01    9.9200E-02    9.5200E-02    9.1500E-02    8.6900E-02    )
(  2.2000E+01    2.5700E-01    2.5750E-01    1.5520E-01    1.5610E-01    1.5980E-01    1.6170E-01    1.6110E-01    1.5880E-01    1.5530E-01    1.5050E-01    1.4710E-01    1.4140E-01    1.3770E-01    1.3220E-01    1.2770E-01    1.1950E-01    1.1430E-01    1.1030E-01    1.0780E-01    1.0280E-01    )
(  2.3000E+01    2.7200E-01    2.6990E-01    1.6600E-01    1.6770E-01    1.7250E-01    1.7530E-01    1.7520E-01    1.7190E-01    1.6870E-01    1.6360E-01    1.6030E-01    1.5450E-01    1.5060E-01    1.4470E-01    1.3960E-01    1.3340E-01    1.2860E-01    1.2520E-01    1.2190E-01    1.1860E-01    )
(  2.4000E+01    2.8030E-01    2.8130E-01    1.9136E-01    1.7980E-01    1.8380E-01    1.8740E-01    1.8780E-01    1.8520E-01    1.8180E-01    1.7700E-01    1.7190E-01    1.6680E-01    1.6310E-01    1.5720E-01    1.5210E-01    1.4620E-01    1.4100E-01    1.3900E-01    1.3540E-01    1.3260E-01    )
(  2.5000E+01    2.9120E-01    2.9260E-01    2.1671E-01    1.8910E-01    1.9250E-01    1.9870E-01    2.0000E-01    1.9800E-01    1.9460E-01    1.8820E-01    1.8370E-01    1.7840E-01    1.7490E-01    1.6810E-01    1.6440E-01    1.5810E-01    1.5440E-01    1.5150E-01    1.4880E-01    1.4550E-01    )
(  2.6000E+01    3.0240E-01    3.0320E-01    2.4207E-01    1.9920E-01    2.0050E-01    2.0940E-01    2.1160E-01    2.1040E-01    2.0710E-01    2.0030E-01    1.9630E-01    1.9020E-01    1.8590E-01    1.7910E-01    1.7620E-01    1.6960E-01    1.6570E-01    1.6330E-01    1.6180E-01    1.5700E-01    )
(  2.7000E+01    3.1230E-01    3.1380E-01    2.6743E-01    2.4420E-01    2.1320E-01    2.1920E-01    2.2200E-01    2.2250E-01    2.1920E-01    2.1260E-01    2.0790E-01    2.0210E-01    1.9630E-01    1.9110E-01    1.8660E-01    1.8100E-01    1.7780E-01    1.7450E-01    1.7280E-01    1.6770E-01    )
(  2.8000E+01    3.2120E-01    3.2390E-01    2.9279E-01    2.5874E-01    2.2530E-01    2.2970E-01    2.3250E-01    2.3340E-01    2.3150E-01    2.2600E-01    2.2010E-01    2.1360E-01    2.0800E-01    2.0220E-01    1.9690E-01    1.9170E-01    1.8880E-01    1.8595E-01    1.8340E-01    1.7990E-01    )
(  2.9000E+01    3.3340E-01    3.3330E-01    3.1814E-01    2.7328E-01    2.3590E-01    2.3850E-01    2.4070E-01    2.4460E-01    2.4280E-01    2.3730E-01    2.3290E-01    2.2440E-01    2.1940E-01    2.1250E-01    2.0780E-01    2.0340E-01    1.9950E-01    1.9740E-01    1.9350E-01    1.9030E-01    )
(  3.0000E+01    3.4360E-01    3.4190E-01    3.4350E-01    2.8783E-01    2.4650E-01    2.4980E-01    2.5210E-01    2.5480E-01    2.5460E-01    2.4990E-01    2.4570E-01    2.3660E-01    2.3210E-01    2.2350E-01    2.2020E-01    2.1400E-01    2.1020E-01    2.0750E-01    2.0520E-01    2.0070E-01    )
(  3.1000E+01    3.5290E-01    3.5175E-01    3.5100E-01    3.0237E-01    2.5710E-01    2.5670E-01    2.6230E-01    2.6510E-01    2.6510E-01    2.6310E-01    2.5730E-01    2.4920E-01    2.4260E-01    2.3540E-01    2.3070E-01    2.2490E-01    2.2210E-01    2.1750E-01    2.1530E-01    2.1230E-01    )
(  3.2000E+01    3.6190E-01    3.6160E-01    3.6130E-01    3.1691E-01    2.6770E-01    2.6360E-01    2.7050E-01    2.7380E-01    2.7570E-01    2.7380E-01    2.6870E-01    2.6160E-01    2.5450E-01    2.4810E-01    2.4250E-01    2.3710E-01    2.3210E-01    2.2900E-01    2.2550E-01    2.2460E-01    )
(  3.3000E+01    3.7210E-01    3.7040E-01    3.7080E-01    3.3145E-01    2.7830E-01    2.7050E-01    2.8670E-01    2.8440E-01    2.8580E-01    2.8430E-01    2.8150E-01    2.7310E-01    2.6670E-01    2.5880E-01    2.5320E-01    2.4790E-01    2.4360E-01    2.3930E-01    2.3840E-01    2.3510E-01    )
(  3.4000E+01    3.7860E-01    3.7820E-01    3.7830E-01    3.4599E-01    2.8890E-01    2.7740E-01    3.0290E-01    2.9500E-01    2.9390E-01    2.9480E-01    2.9310E-01    2.8430E-01    2.7890E-01    2.7050E-01    2.6570E-01    2.5960E-01    2.5380E-01    2.5000E-01    2.4970E-01    2.4780E-01    )
(  3.5000E+01    3.8145E-01    3.8655E-01    3.8630E-01    3.6053E-01    2.9950E-01    2.8430E-01    3.1910E-01    3.0590E-01    3.0500E-01    3.0540E-01    3.0350E-01    2.9670E-01    2.9210E-01    2.8150E-01    2.7820E-01    2.6960E-01    2.6420E-01    2.6360E-01    2.6220E-01    2.5870E-01    )
(  3.6000E+01    3.8430E-01    3.9490E-01    3.9430E-01    3.7507E-01    3.1010E-01    2.9120E-01    3.3530E-01    3.1760E-01    3.1620E-01    3.1440E-01    3.1350E-01    3.0970E-01    3.0270E-01    2.9420E-01    2.8970E-01    2.8140E-01    2.7700E-01    2.7637E-01    2.7320E-01    2.7180E-01    )
(  3.7000E+01    3.9590E-01    4.0325E-01    4.0230E-01    3.8962E-01    3.2070E-01    2.9810E-01    3.5150E-01    3.3524E-01    3.2760E-01    3.2470E-01    3.2350E-01    3.2060E-01    3.1430E-01    3.0730E-01    3.0160E-01    2.9170E-01    2.8920E-01    2.8913E-01    2.8489E-01    2.8200E-01    )
(  3.8000E+01    4.0650E-01    4.1160E-01    4.1030E-01    4.0416E-01    3.3130E-01    3.0500E-01    3.6770E-01    3.5287E-01    3.3900E-01    3.3480E-01    3.3330E-01    3.3010E-01    3.2540E-01    3.1960E-01    3.1180E-01    3.0530E-01    3.0140E-01    3.0190E-01    2.9657E-01    2.9400E-01    )
(  3.9000E+01    4.1750E-01    4.1995E-01    4.1830E-01    4.1870E-01    3.4190E-01    3.1190E-01    3.8390E-01    3.7051E-01    3.5040E-01    3.4490E-01    3.4210E-01    3.3950E-01    3.3800E-01    3.3110E-01    3.2310E-01    3.1870E-01    3.1490E-01    3.1480E-01    3.0826E-01    3.0380E-01    )
(  4.0000E+01    4.2690E-01    4.2830E-01    4.2830E-01    4.2750E-01    3.5250E-01    3.1880E-01    4.0010E-01    3.8815E-01    3.6180E-01    3.5720E-01    3.5210E-01    3.4990E-01    3.4810E-01    3.4125E-01    3.3570E-01    3.2980E-01    3.2910E-01    3.2510E-01    3.1994E-01    3.1475E-01    )
(  4.1000E+01    4.3680E-01    4.3665E-01    4.3830E-01    4.3900E-01    3.6310E-01    3.2570E-01    4.1630E-01    4.0579E-01    3.7320E-01    3.6950E-01    3.6290E-01    3.5880E-01    3.5690E-01    3.5140E-01    3.4940E-01    3.4020E-01    3.3930E-01    3.3790E-01    3.3163E-01    3.2570E-01    )
(  4.2000E+01    4.4510E-01    4.4500E-01    4.4520E-01    4.4620E-01    3.7370E-01    3.3260E-01    4.3250E-01    4.2343E-01    3.8460E-01    3.8180E-01    3.7370E-01    3.6770E-01    3.6570E-01    3.6490E-01    3.5900E-01    3.5320E-01    3.5200E-01    3.4930E-01    3.4331E-01    3.3665E-01    )
(  4.3000E+01    4.5380E-01    4.5335E-01    4.5530E-01    4.5460E-01    3.8430E-01    3.3950E-01    4.4870E-01    4.4106E-01    3.9600E-01    3.9410E-01    3.8450E-01    3.7660E-01    3.7450E-01    3.7840E-01    3.6860E-01    3.6620E-01    3.6190E-01    3.6070E-01    3.5500E-01    3.4760E-01    )
(  4.4000E+01    4.6150E-01    4.6170E-01    4.6270E-01    4.6340E-01    3.9490E-01    3.4640E-01    4.6490E-01    4.5870E-01    4.0740E-01    4.0640E-01    3.9530E-01    3.8550E-01    3.8330E-01    3.9190E-01    3.7820E-01    3.7920E-01    3.7180E-01    3.7210E-01    3.6669E-01    3.5855E-01    )
(  4.5000E+01    4.6920E-01    4.7005E-01    4.6790E-01    4.6940E-01    4.0550E-01    3.5330E-01    4.8110E-01    4.6420E-01    4.1880E-01    4.1870E-01    4.0610E-01    3.9440E-01    3.9210E-01    4.0540E-01    3.8780E-01    3.9220E-01    3.8170E-01    3.8350E-01    3.7837E-01    3.6950E-01    )
