// 06.21.2018 22:38
//( AOA          6.2000E+04    9.4000E+04    1.2500E+05    1.8800E+05    2.5000E+05    3.7500E+05    5.0000E+05    7.5000E+05    1.0000E+06    1.5000E+06    2.0000E+06    3.0000E+06    4.0000E+06    6.0000E+06    8.0000E+06    1.2000E+07    1.6000E+07    2.0000E+07    2.4000E+07    3.2000E+07    )
( -2.5000E+01   -7.3090E-01   -8.2920E-01   -9.8710E-01   -1.0128E+00   -1.0767E+00   -1.1210E+00   -1.1063E+00   -1.0906E+00   -1.0906E+00   -1.1022E+00   -1.1130E+00   -1.1288E+00   -1.1484E+00   -1.1555E+00   -1.1787E+00   -1.1961E+00   -1.2088E+00   -1.2375E+00   -1.2436E+00   -1.2544E+00    )
( -2.4000E+01   -6.8960E-01   -7.7190E-01   -8.9230E-01   -9.3463E-01   -1.0026E+00   -1.0894E+00   -1.1281E+00   -1.0978E+00   -1.0801E+00   -1.0757E+00   -1.0810E+00   -1.0971E+00   -1.1081E+00   -1.1217E+00   -1.1331E+00   -1.1644E+00   -1.1778E+00   -1.1886E+00   -1.1969E+00   -1.2087E+00    )
( -2.3000E+01   -6.4830E-01   -7.1460E-01   -7.9750E-01   -8.5647E-01   -9.2853E-01   -1.0183E+00   -1.0888E+00   -1.1265E+00   -1.0954E+00   -1.0622E+00   -1.0571E+00   -1.0605E+00   -1.0678E+00   -1.0919E+00   -1.1010E+00   -1.1196E+00   -1.1311E+00   -1.1397E+00   -1.1499E+00   -1.1820E+00    )
( -2.2000E+01   -6.0770E-01   -6.4200E-01   -7.0270E-01   -7.7830E-01   -8.5445E-01   -9.4715E-01   -1.0116E+00   -1.1232E+00   -1.1389E+00   -1.0729E+00   -1.0483E+00   -1.0372E+00   -1.0390E+00   -1.0492E+00   -1.0589E+00   -1.0742E+00   -1.1012E+00   -1.1113E+00   -1.1191E+00   -1.1341E+00    )
( -2.1000E+01   -5.7410E-01   -5.9130E-01   -6.0790E-01   -6.9850E-01   -7.8037E-01   -8.7602E-01   -9.3440E-01   -1.0627E+00   -1.1478E+00   -1.1322E+00   -1.0705E+00   -1.0260E+00   -1.0150E+00   -1.0193E+00   -1.0290E+00   -1.0422E+00   -1.0546E+00   -1.0822E+00   -1.0919E+00   -1.1052E+00    )
( -2.0000E+01   -5.2470E-01   -5.3930E-01   -5.7790E-01   -6.3170E-01   -7.0628E-01   -8.0490E-01   -8.5720E-01   -1.0023E+00   -1.1167E+00   -1.1993E+00   -1.1395E+00   -1.0454E+00   -1.0112E+00   -9.8880E-01   -9.9980E-01   -1.0151E+00   -1.0259E+00   -1.0358E+00   -1.0447E+00   -1.0675E+00    )
( -1.9000E+01   -4.8300E-01   -5.1290E-01   -5.1470E-01   -5.6610E-01   -6.3220E-01   -7.3377E-01   -7.8000E-01   -9.4182E-01   -1.0516E+00   -1.2665E+00   -1.2584E+00   -1.1145E+00   -1.0342E+00   -9.7750E-01   -9.6920E-01   -9.7380E-01   -9.9870E-01   -1.0073E+00   -1.0153E+00   -1.0297E+00    )
( -1.8000E+01   -4.4080E-01   -4.6340E-01   -4.6290E-01   -4.9750E-01   -5.6590E-01   -6.6265E-01   -7.0280E-01   -8.8136E-01   -1.0977E+00   -1.3295E+00   -1.3668E+00   -1.2897E+00   -1.1290E+00   -1.0055E+00   -9.6100E-01   -9.5350E-01   -9.5690E-01   -9.6440E-01   -9.7350E-01   -1.0012E+00    )
( -1.7000E+01   -3.9360E-01   -4.1870E-01   -4.1660E-01   -4.4476E-01   -4.9370E-01   -5.9152E-01   -6.2450E-01   -8.2090E-01   -1.1439E+00   -1.3630E+00   -1.3943E+00   -1.4075E+00   -1.2863E+00   -1.1033E+00   -1.0055E+00   -9.3870E-01   -9.3850E-01   -9.4150E-01   -9.4790E-01   -9.8010E-01    )
( -1.6000E+01   -3.4250E-01   -3.7970E-01   -3.7210E-01   -3.9202E-01   -4.2943E-01   -5.2040E-01   -5.7850E-01   -7.1050E-01   -1.1900E+00   -1.3616E+00   -1.3805E+00   -1.4227E+00   -1.4436E+00   -1.2375E+00   -1.0895E+00   -9.5830E-01   -9.2420E-01   -9.3380E-01   -9.2820E-01   -9.3560E-01    )
( -1.5000E+01   -2.9310E-01   -3.0710E-01   -3.3210E-01   -3.3928E-01   -3.6517E-01   -4.4010E-01   -4.9730E-01   -6.1850E-01   -1.0653E+00   -1.3427E+00   -1.3753E+00   -1.4183E+00   -1.4415E+00   -1.3948E+00   -1.2365E+00   -1.0331E+00   -9.5610E-01   -9.2610E-01   -9.1310E-01   -9.2805E-01    )
( -1.4000E+01   -2.4620E-01   -2.5600E-01   -2.7400E-01   -2.8654E-01   -3.0090E-01   -3.8290E-01   -4.5320E-01   -5.3710E-01   -9.7090E-01   -1.3173E+00   -1.3487E+00   -1.3991E+00   -1.4361E+00   -1.4794E+00   -1.3867E+00   -1.1632E+00   -1.0065E+00   -9.6745E-01   -9.2470E-01   -9.2050E-01    )
( -1.3000E+01   -2.0330E-01   -2.1290E-01   -2.1590E-01   -2.3380E-01   -2.5740E-01   -3.3080E-01   -4.1550E-01   -5.1050E-01   -8.3470E-01   -1.2393E+00   -1.2797E+00   -1.3452E+00   -1.3966E+00   -1.4301E+00   -1.4360E+00   -1.2933E+00   -1.1188E+00   -1.0088E+00   -9.5920E-01   -9.1488E-01    )
( -1.2000E+01   -1.6760E-01   -1.7850E-01   -1.7400E-01   -1.9350E-01   -2.0450E-01   -2.6600E-01   -3.3180E-01   -4.3150E-01   -9.5350E-01   -1.1853E+00   -1.2133E+00   -1.2842E+00   -1.3092E+00   -1.3196E+00   -1.3186E+00   -1.3162E+00   -1.1440E+00   -1.1218E+00   -1.0236E+00   -9.0926E-01    )
( -1.1000E+01   -1.0070E-01   -1.1040E-01   -1.4600E-01   -1.2943E-01   -1.5160E-01   -2.0120E-01   -2.8860E-01   -4.0030E-01   -1.0723E+00   -1.1156E+00   -1.1467E+00   -1.1814E+00   -1.1946E+00   -1.1899E+00   -1.1799E+00   -1.1746E+00   -1.1692E+00   -1.1943E+00   -1.0286E+00   -9.0364E-01    )
( -1.0000E+01   -7.1900E-02   -9.8000E-02   -9.8100E-02   -6.5367E-02   -9.0000E-02   -1.3420E-01   -1.9930E-01   -3.3490E-01   -1.0016E+00   -1.0357E+00   -1.0534E+00   -1.0696E+00   -1.0680E+00   -1.0501E+00   -1.0410E+00   -1.0321E+00   -1.0308E+00   -1.0299E+00   -1.0335E+00   -8.9802E-01    )
( -9.0000E+00   -1.1360E-01   -2.0400E-02    1.5700E-02   -1.3000E-03   -2.8400E-02   -6.7200E-02   -1.7080E-01   -3.1270E-01   -9.1290E-01   -9.3330E-01   -9.4140E-01   -9.4160E-01   -9.3150E-01   -9.1440E-01   -9.0460E-01   -8.9730E-01   -8.9190E-01   -8.9150E-01   -8.9150E-01   -8.9240E-01    )
( -8.0000E+00    2.6150E-02    8.0600E-02    7.2900E-02    5.2300E-02    3.3200E-02   -7.8500E-03   -9.3700E-02   -4.8990E-01   -7.9870E-01   -8.1630E-01   -8.1830E-01   -8.0810E-01   -7.9140E-01   -7.8050E-01   -7.7170E-01   -7.6130E-01   -7.5730E-01   -7.5450E-01   -7.5160E-01   -7.5100E-01    )
( -7.0000E+00    1.6590E-01    1.7720E-01    1.4600E-01    1.0590E-01    6.8500E-02    5.1500E-02   -7.9300E-02   -6.6710E-01   -6.8450E-01   -6.8980E-01   -6.8530E-01   -6.7160E-01   -6.5640E-01   -6.4420E-01   -6.3840E-01   -6.2810E-01   -6.2240E-01   -6.2000E-01   -6.1800E-01   -6.1410E-01    )
( -6.0000E+00    2.7290E-01    2.1470E-01    1.8720E-01    1.3820E-01    1.4500E-01    8.1100E-02   -8.0000E-03   -5.4950E-01   -5.5690E-01   -5.5750E-01   -5.4870E-01   -5.3160E-01   -5.2250E-01   -5.0890E-01   -5.0360E-01   -4.9510E-01   -4.8900E-01   -4.8510E-01   -4.8260E-01   -4.8080E-01    )
( -5.0000E+00    3.2790E-01    2.7610E-01    2.4940E-01    2.2350E-01    2.0107E-01    1.6410E-01    2.7000E-03   -4.2430E-01   -4.2480E-01   -4.2180E-01   -4.1320E-01   -3.9590E-01   -3.8790E-01   -3.7500E-01   -3.6880E-01   -3.6190E-01   -3.5610E-01   -3.5200E-01   -3.4920E-01   -3.4560E-01    )
( -4.0000E+00    3.7720E-01    3.3750E-01    3.1160E-01    2.6380E-01    2.5713E-01   -1.2540E-01   -5.2400E-02   -2.9680E-01   -2.9650E-01   -2.8700E-01   -2.7880E-01   -2.6160E-01   -2.5210E-01   -2.4180E-01   -2.3460E-01   -2.2850E-01   -2.2330E-01   -2.1960E-01   -2.1660E-01   -2.1210E-01    )
( -3.0000E+00    4.2407E-01    3.8850E-01    3.5650E-01    3.4450E-01    3.1320E-01   -1.5000E-03   -4.8400E-02   -1.6670E-01   -1.6520E-01   -1.5370E-01   -1.4230E-01   -1.2840E-01   -1.1800E-01   -1.0860E-01   -1.0130E-01   -9.4600E-02   -9.0900E-02   -8.6900E-02   -8.3600E-02   -7.9700E-02    )
( -2.0000E+00    4.7095E-01    4.3170E-01    4.2960E-01    3.8577E-01    3.7580E-01    1.2510E-01   -4.4400E-02   -4.0300E-02   -3.4000E-02   -2.0200E-02   -8.2000E-03    4.0000E-03    1.5100E-02    2.5700E-02    3.1300E-02    3.8900E-02    4.2600E-02    4.5700E-02    4.8400E-02    5.2300E-02    )
( -1.0000E+00    5.1782E-01    5.1450E-01    4.9590E-01    4.2703E-01    4.3840E-01    1.5890E-01    7.8300E-02    8.8600E-02    9.7400E-02    1.1330E-01    1.2410E-01    1.3950E-01    1.4690E-01    1.5890E-01    1.6440E-01    1.7180E-01    1.7590E-01    1.7800E-01    1.8000E-01    1.8370E-01    )
(  0.0000E+00    5.6470E-01    5.8050E-01    5.4840E-01    4.6830E-01    3.5920E-01    1.9270E-01    2.0500E-01    2.1810E-01    2.2790E-01    2.4500E-01    2.5760E-01    2.7210E-01    2.8000E-01    2.9040E-01    2.9710E-01    3.0360E-01    3.0790E-01    3.1050E-01    3.1190E-01    3.1540E-01    )
(  1.0000E+00    5.9230E-01    6.3780E-01    5.9480E-01    5.7680E-01    2.8000E-01    3.1910E-01    3.3260E-01    3.4620E-01    3.5770E-01    3.7480E-01    3.8890E-01    4.0310E-01    4.1230E-01    4.2110E-01    4.2740E-01    4.3550E-01    4.3915E-01    4.4210E-01    4.4410E-01    4.4730E-01    )
(  2.0000E+00    1.1410E-01    6.9040E-01    6.8580E-01    6.1145E-01    4.1110E-01    4.4420E-01    4.5620E-01    4.7310E-01    4.8620E-01    5.0640E-01    5.1800E-01    5.3470E-01    5.4260E-01    5.5260E-01    5.5770E-01    5.6630E-01    5.7040E-01    5.7290E-01    5.7540E-01    5.7740E-01    )
(  3.0000E+00    5.5700E-02    7.3290E-01    7.4410E-01    6.4610E-01    5.3080E-01    5.6670E-01    5.8270E-01    5.9960E-01    6.1370E-01    6.3470E-01    6.4660E-01    6.6360E-01    6.7290E-01    6.8250E-01    6.8780E-01    6.9480E-01    7.0040E-01    7.0340E-01    7.0510E-01    7.0770E-01    )
(  4.0000E+00    4.8500E-02    7.6590E-01    7.9690E-01    7.6350E-01    6.6010E-01    6.9240E-01    7.0400E-01    7.2380E-01    7.3900E-01    7.6220E-01    7.7520E-01    7.9160E-01    8.0060E-01    8.1060E-01    8.1670E-01    8.2370E-01    8.2830E-01    8.3160E-01    8.3290E-01    8.3320E-01    )
(  5.0000E+00    3.6700E-02    5.0320E-01    8.3660E-01    6.9310E-01    7.8440E-01    8.1190E-01    8.2580E-01    8.4580E-01    8.6155E-01    8.8690E-01    9.0160E-01    9.1830E-01    9.2710E-01    9.3870E-01    9.4440E-01    9.5070E-01    9.5530E-01    9.5440E-01    9.5165E-01    9.5300E-01    )
(  6.0000E+00    3.4500E-02    3.2557E-01    8.1775E-01    8.5600E-01    9.0530E-01    9.3310E-01    9.4430E-01    9.6530E-01    9.8410E-01    1.0102E+00    1.0251E+00    1.0421E+00    1.0529E+00    1.0634E+00    1.0700E+00    1.0745E+00    1.0707E+00    1.0698E+00    1.0704E+00    1.0712E+00    )
(  7.0000E+00    2.8800E-02    1.4793E-01    7.9890E-01    9.8410E-01    1.0286E+00    1.0507E+00    1.0613E+00    1.0815E+00    1.1030E+00    1.1300E+00    1.1465E+00    1.1653E+00    1.1746E+00    1.1867E+00    1.1912E+00    1.1871E+00    1.1860E+00    1.1837E+00    1.1845E+00    1.1875E+00    )
(  8.0000E+00   -1.7600E-02   -2.9700E-02    7.8690E-01    1.0894E+00    1.1405E+00    1.1642E+00    1.1709E+00    1.1931E+00    1.2161E+00    1.2463E+00    1.2653E+00    1.2837E+00    1.2955E+00    1.3009E+00    1.2925E+00    1.2933E+00    1.2916E+00    1.2937E+00    1.2987E+00    1.3035E+00    )
(  9.0000E+00   -2.3650E-02   -2.0000E-02    6.5628E-01    1.2027E+00    1.2491E+00    1.2714E+00    1.2739E+00    1.2971E+00    1.3244E+00    1.3586E+00    1.3792E+00    1.4002E+00    1.4051E+00    1.3997E+00    1.3939E+00    1.3924E+00    1.3996E+00    1.4042E+00    1.4102E+00    1.4155E+00    )
(  1.0000E+01   -2.9700E-02    9.9000E-03    5.2565E-01    1.3062E+00    1.3531E+00    1.3648E+00    1.3545E+00    1.3827E+00    1.4147E+00    1.4630E+00    1.4860E+00    1.4756E+00    1.4899E+00    1.4848E+00    1.4820E+00    1.4927E+00    1.5011E+00    1.4949E+00    1.5089E+00    1.5196E+00    )
(  1.1000E+01   -2.4000E-03    2.3700E-01    3.9503E-01    1.3918E+00    1.4409E+00    1.4298E+00    1.4372E+00    1.4727E+00    1.5042E+00    1.5468E+00    1.5652E+00    1.5510E+00    1.5399E+00    1.5372E+00    1.5424E+00    1.5620E+00    1.5707E+00    1.5855E+00    1.6015E+00    1.6209E+00    )
(  1.2000E+01    1.1210E-01    3.0550E-01    2.6440E-01    1.4639E+00    1.5033E+00    1.4972E+00    1.5106E+00    1.5494E+00    1.5867E+00    1.6152E+00    1.6017E+00    1.5949E+00    1.5899E+00    1.5944E+00    1.6073E+00    1.6254E+00    1.6386E+00    1.6556E+00    1.6709E+00    1.6819E+00    )
(  1.3000E+01    1.9610E-01    4.0420E-01    3.1750E-01    1.5253E+00    1.5415E+00    1.5502E+00    1.5719E+00    1.6189E+00    1.6463E+00    1.6364E+00    1.6344E+00    1.6270E+00    1.6269E+00    1.6474E+00    1.6684E+00    1.6823E+00    1.7072E+00    1.7153E+00    1.7304E+00    1.7506E+00    )
(  1.4000E+01    2.8970E-01    4.8420E-01    3.3490E-01    1.5153E+00    1.5576E+00    1.5887E+00    1.6176E+00    1.6545E+00    1.6578E+00    1.6505E+00    1.6492E+00    1.6476E+00    1.6623E+00    1.6947E+00    1.7016E+00    1.7388E+00    1.7632E+00    1.7750E+00    1.7892E+00    1.8157E+00    )
(  1.5000E+01    3.6000E-01    5.7570E-01    3.6980E-01    1.5198E+00    1.5593E+00    1.6022E+00    1.6269E+00    1.6242E+00    1.6365E+00    1.6415E+00    1.6436E+00    1.6654E+00    1.6871E+00    1.7103E+00    1.7346E+00    1.7855E+00    1.8007E+00    1.8216E+00    1.8414E+00    1.8711E+00    )
(  1.6000E+01    4.3830E-01    6.0810E-01    4.5750E-01    1.4647E+00    1.5336E+00    1.5739E+00    1.5869E+00    1.5940E+00    1.6005E+00    1.6122E+00    1.6242E+00    1.6558E+00    1.6910E+00    1.7169E+00    1.7569E+00    1.7949E+00    1.8282E+00    1.8583E+00    1.8823E+00    1.9102E+00    )
(  1.7000E+01    5.1075E-01    6.5830E-01    6.2413E-01    1.4096E+00    1.4842E+00    1.5135E+00    1.5207E+00    1.5383E+00    1.5473E+00    1.5725E+00    1.5893E+00    1.6380E+00    1.6619E+00    1.7098E+00    1.7613E+00    1.8009E+00    1.8437E+00    1.8803E+00    1.9022E+00    1.9395E+00    )
(  1.8000E+01    5.8320E-01    7.7160E-01    7.9077E-01    1.3825E+00    1.4311E+00    1.4531E+00    1.4628E+00    1.4805E+00    1.4941E+00    1.5269E+00    1.5543E+00    1.6037E+00    1.6290E+00    1.6975E+00    1.7306E+00    1.7897E+00    1.8447E+00    1.8788E+00    1.9044E+00    1.9529E+00    )
(  1.9000E+01    6.3255E-01    7.9830E-01    9.5740E-01    1.3636E+00    1.3918E+00    1.4152E+00    1.4139E+00    1.4367E+00    1.4562E+00    1.4944E+00    1.5285E+00    1.5694E+00    1.6037E+00    1.6653E+00    1.7003E+00    1.7698E+00    1.8270E+00    1.8604E+00    1.8951E+00    1.9362E+00    )
(  2.0000E+01    6.8190E-01    8.3240E-01    1.2578E+00    1.3532E+00    1.3662E+00    1.3774E+00    1.3892E+00    1.4124E+00    1.4396E+00    1.4765E+00    1.5071E+00    1.5463E+00    1.5840E+00    1.6322E+00    1.6715E+00    1.7445E+00    1.7948E+00    1.8350E+00    1.8720E+00    1.9095E+00    )
(  2.1000E+01    7.3720E-01    8.6220E-01    1.2658E+00    1.3432E+00    1.3548E+00    1.3651E+00    1.3786E+00    1.4056E+00    1.4264E+00    1.4720E+00    1.4955E+00    1.5356E+00    1.5752E+00    1.6165E+00    1.6502E+00    1.7216E+00    1.7711E+00    1.8039E+00    1.8352E+00    1.8758E+00    )
(  2.2000E+01    7.8340E-01    8.9200E-01    1.3095E+00    1.3519E+00    1.3533E+00    1.3635E+00    1.3777E+00    1.4024E+00    1.4306E+00    1.4675E+00    1.4941E+00    1.5375E+00    1.5657E+00    1.6074E+00    1.6429E+00    1.7060E+00    1.7473E+00    1.7803E+00    1.8005E+00    1.8421E+00    )
(  2.3000E+01    8.4930E-01    9.0900E-01    1.3276E+00    1.3655E+00    1.3620E+00    1.3681E+00    1.3788E+00    1.4092E+00    1.4341E+00    1.4723E+00    1.4968E+00    1.5395E+00    1.5672E+00    1.6114E+00    1.6491E+00    1.6967E+00    1.7331E+00    1.7596E+00    1.7850E+00    1.8124E+00    )
(  2.4000E+01    8.7990E-01    9.5000E-01    1.3066E+00    1.3765E+00    1.3782E+00    1.3809E+00    1.3894E+00    1.4152E+00    1.4404E+00    1.4751E+00    1.5102E+00    1.5466E+00    1.5732E+00    1.6154E+00    1.6514E+00    1.6951E+00    1.7337E+00    1.7490E+00    1.7763E+00    1.7982E+00    )
(  2.5000E+01    9.2340E-01    9.8900E-01    1.2857E+00    1.4011E+00    1.4063E+00    1.3978E+00    1.4025E+00    1.4237E+00    1.4484E+00    1.4917E+00    1.5217E+00    1.5582E+00    1.5822E+00    1.6292E+00    1.6556E+00    1.7007E+00    1.7272E+00    1.7490E+00    1.7688E+00    1.7929E+00    )
(  2.6000E+01    9.6940E-01    1.0264E+00    1.2647E+00    1.4218E+00    1.4368E+00    1.4167E+00    1.4169E+00    1.4345E+00    1.4573E+00    1.5018E+00    1.5278E+00    1.5681E+00    1.5969E+00    1.6415E+00    1.6628E+00    1.7076E+00    1.7352E+00    1.7531E+00    1.7646E+00    1.7991E+00    )
(  2.7000E+01    1.0059E+00    1.0618E+00    1.2437E+00    1.2860E+00    1.4449E+00    1.4386E+00    1.4365E+00    1.4452E+00    1.4686E+00    1.5098E+00    1.5395E+00    1.5764E+00    1.6134E+00    1.6481E+00    1.6778E+00    1.7155E+00    1.7374E+00    1.7603E+00    1.7725E+00    1.8083E+00    )
(  2.8000E+01    1.0534E+00    1.0937E+00    1.2227E+00    1.2395E+00    1.4537E+00    1.4574E+00    1.4548E+00    1.4623E+00    1.4777E+00    1.5121E+00    1.5467E+00    1.5870E+00    1.6213E+00    1.6583E+00    1.6924E+00    1.7269E+00    1.7471E+00    1.7654E+00    1.7834E+00    1.8076E+00    )
(  2.9000E+01    1.1125E+00    1.1241E+00    1.2018E+00    1.1931E+00    1.4687E+00    1.4808E+00    1.4819E+00    1.4762E+00    1.4908E+00    1.5240E+00    1.5499E+00    1.5994E+00    1.6296E+00    1.6724E+00    1.7019E+00    1.7310E+00    1.7560E+00    1.7706E+00    1.7960E+00    1.8177E+00    )
(  3.0000E+01    1.1594E+00    1.1658E+00    1.1808E+00    1.1466E+00    1.4837E+00    1.4927E+00    1.4939E+00    1.4933E+00    1.5002E+00    1.5289E+00    1.5532E+00    1.6041E+00    1.6305E+00    1.6807E+00    1.7018E+00    1.7402E+00    1.7645E+00    1.7819E+00    1.7972E+00    1.8265E+00    )
(  3.1000E+01    1.1983E+00    1.2049E+00    1.2173E+00    1.1002E+00    1.4987E+00    1.5198E+00    1.5096E+00    1.5086E+00    1.5146E+00    1.5299E+00    1.5611E+00    1.6049E+00    1.6419E+00    1.6835E+00    1.7117E+00    1.7468E+00    1.7646E+00    1.7924E+00    1.8069E+00    1.8262E+00    )
(  3.2000E+01    1.2327E+00    1.2441E+00    1.2506E+00    1.0537E+00    1.5137E+00    1.5469E+00    1.5308E+00    1.5289E+00    1.5270E+00    1.5414E+00    1.5683E+00    1.6064E+00    1.6447E+00    1.6811E+00    1.7132E+00    1.7448E+00    1.7749E+00    1.7934E+00    1.8153E+00    1.8215E+00    )
(  3.3000E+01    1.2692E+00    1.2762E+00    1.2907E+00    1.0072E+00    1.5287E+00    1.5740E+00    1.5147E+00    1.5398E+00    1.5396E+00    1.5524E+00    1.5681E+00    1.6108E+00    1.6437E+00    1.6875E+00    1.7185E+00    1.7500E+00    1.7750E+00    1.8004E+00    1.8061E+00    1.8262E+00    )
(  3.4000E+01    1.2969E+00    1.3074E+00    1.3117E+00    9.6079E-01    1.5437E+00    1.6011E+00    1.4986E+00    1.5463E+00    1.5567E+00    1.5615E+00    1.5723E+00    1.6152E+00    1.6426E+00    1.6872E+00    1.7133E+00    1.7481E+00    1.7807E+00    1.8033E+00    1.8056E+00    1.8174E+00    )
(  3.5000E+01    9.9290E-01    1.2100E+00    1.1941E+00    9.1433E-01    1.5587E+00    1.6282E+00    1.4825E+00    1.5533E+00    1.5629E+00    1.5677E+00    1.5804E+00    1.6127E+00    1.6359E+00    1.6887E+00    1.7068E+00    1.7533E+00    1.7840E+00    1.7881E+00    1.7969E+00    1.8170E+00    )
(  3.6000E+01    6.8890E-01    1.1127E+00    1.0764E+00    8.6788E-01    1.5737E+00    1.6553E+00    1.4664E+00    1.5541E+00    1.5665E+00    1.5799E+00    1.5874E+00    1.6073E+00    1.6397E+00    1.6811E+00    1.7044E+00    1.7480E+00    1.7718E+00    1.7759E+00    1.7942E+00    1.8034E+00    )
(  3.7000E+01    6.9910E-01    1.0153E+00    9.5878E-01    8.2142E-01    1.5887E+00    1.6824E+00    1.4503E+00    1.4532E+00    1.5677E+00    1.5850E+00    1.5936E+00    1.6093E+00    1.6381E+00    1.6706E+00    1.6986E+00    1.7485E+00    1.7620E+00    1.7637E+00    1.7830E+00    1.8032E+00    )
(  3.8000E+01    7.0730E-01    9.1793E-01    8.4114E-01    7.7496E-01    1.6037E+00    1.7095E+00    1.4342E+00    1.3523E+00    1.5689E+00    1.5890E+00    1.5981E+00    1.6148E+00    1.6363E+00    1.6638E+00    1.6994E+00    1.7315E+00    1.7523E+00    1.7515E+00    1.7719E+00    1.7928E+00    )
(  3.9000E+01    7.1240E-01    8.2057E-01    7.2350E-01    7.2850E-01    1.6187E+00    1.7366E+00    1.4181E+00    1.2514E+00    1.5701E+00    1.5913E+00    1.6048E+00    1.6190E+00    1.6274E+00    1.6586E+00    1.6946E+00    1.7156E+00    1.7347E+00    1.7367E+00    1.7607E+00    1.7913E+00    )
(  4.0000E+01    7.1810E-01    7.2320E-01    7.2770E-01    7.3360E-01    1.6337E+00    1.7637E+00    1.4020E+00    1.1504E+00    1.5713E+00    1.5841E+00    1.6051E+00    1.6173E+00    1.6268E+00    1.6558E+00    1.6816E+00    1.7091E+00    1.7135E+00    1.7324E+00    1.7496E+00    1.7820E+00    )
(  4.1000E+01    7.2090E-01    6.2583E-01    7.2990E-01    7.3410E-01    1.6487E+00    1.7908E+00    1.3859E+00    1.0495E+00    1.5725E+00    1.5769E+00    1.6013E+00    1.6195E+00    1.6291E+00    1.6529E+00    1.6633E+00    1.7038E+00    1.7092E+00    1.7159E+00    1.7384E+00    1.7727E+00    )
(  4.2000E+01    7.2420E-01    5.2847E-01    7.3390E-01    7.3680E-01    1.6637E+00    1.8179E+00    1.3698E+00    9.4863E-01    1.5737E+00    1.5697E+00    1.5975E+00    1.6217E+00    1.6314E+00    1.6363E+00    1.6594E+00    1.6854E+00    1.6928E+00    1.7040E+00    1.7273E+00    1.7634E+00    )
(  4.3000E+01    7.2480E-01    4.3110E-01    7.3250E-01    7.3690E-01    1.6787E+00    1.8450E+00    1.3537E+00    8.4771E-01    1.5749E+00    1.5625E+00    1.5937E+00    1.6239E+00    1.6337E+00    1.6197E+00    1.6555E+00    1.6670E+00    1.6851E+00    1.6921E+00    1.7161E+00    1.7541E+00    )
(  4.4000E+01    7.2500E-01    3.3373E-01    7.3230E-01    7.3570E-01    1.6937E+00    1.8721E+00    1.3376E+00    7.4680E-01    1.5761E+00    1.5553E+00    1.5899E+00    1.6261E+00    1.6360E+00    1.6031E+00    1.6516E+00    1.6486E+00    1.6774E+00    1.6802E+00    1.7049E+00    1.7448E+00    )
(  4.5000E+01    7.2520E-01    2.3637E-01    7.3270E-01    7.3480E-01    1.7087E+00    1.8992E+00    1.3215E+00    7.4520E-01    1.5773E+00    1.5481E+00    1.5861E+00    1.6283E+00    1.6383E+00    1.5865E+00    1.6477E+00    1.6302E+00    1.6697E+00    1.6683E+00    1.6938E+00    1.7355E+00    )
