// 10.24.2018 14:18
//( AOA          4.0000E+04    6.0000E+04    8.0000E+04    1.0000E+05    1.3000E+05    1.6000E+05    2.0000E+05    2.5000E+05    3.0000E+05    5.0000E+05    1.0000E+06    3.0000E+06    5.0000E+06    )
( -1.5000E+01    1.8440E-01    1.8060E-01    1.7880E-01    1.8760E-01    1.7590E-01    1.8270E-01    1.7690E-01    1.7390E-01    1.7770E-01    1.7720E-01    1.7370E-01    1.4990E-01    1.3940E-01    )
( -1.4000E+01    1.8230E-01    1.7870E-01    1.7500E-01    1.7080E-01    1.6460E-01    1.6980E-01    1.6720E-01    1.6240E-01    1.5950E-01    1.6470E-01    1.6150E-01    1.3640E-01    1.2330E-01    )
( -1.3000E+01    1.6230E-01    1.5990E-01    1.6760E-01    1.5380E-01    1.5370E-01    1.5060E-01    1.5500E-01    1.5040E-01    1.4810E-01    1.5190E-01    1.4450E-01    1.2300E-01    1.0810E-01    )
( -1.2000E+01    1.5120E-01    1.4730E-01    1.4390E-01    1.4310E-01    1.4540E-01    1.3920E-01    1.4220E-01    1.3850E-01    1.3650E-01    1.3870E-01    1.2890E-01    1.0850E-01    8.9500E-02    )
( -1.1000E+01    1.4080E-01    1.4800E-01    1.3550E-01    1.3680E-01    1.3330E-01    1.2750E-01    1.2890E-01    1.2770E-01    1.2450E-01    1.2570E-01    1.1400E-01    9.4000E-02    4.2400E-02    )
( -1.0000E+01    1.3450E-01    1.2710E-01    1.2210E-01    1.1820E-01    1.1530E-01    1.1570E-01    1.1020E-01    1.1510E-01    1.1200E-01    1.0810E-01    9.6400E-02    7.6700E-02    2.7100E-02    )
( -9.0000E+00    1.3550E-01    1.1630E-01    1.1070E-01    1.0790E-01    1.0500E-01    1.0520E-01    9.9600E-02    1.0200E-01    9.7500E-02    8.6900E-02    7.7300E-02    4.8800E-02    1.9100E-02    )
( -8.0000E+00    1.1090E-01    1.1640E-01    1.0820E-01    1.0140E-01    9.4500E-02    9.3900E-02    8.5100E-02    7.8400E-02    7.4700E-02    5.9900E-02    5.2600E-02    3.2300E-02    8.4000E-03    )
( -7.0000E+00    1.0130E-01    1.0040E-01    9.3000E-02    9.1800E-02    7.8000E-02    6.0400E-02    5.5600E-02    5.4700E-02    5.2100E-02    3.0400E-02    1.6400E-02    1.7200E-02    7.5000E-03    )
( -6.0000E+00    8.5700E-02    8.2000E-02    8.6100E-02    6.2600E-02    5.1800E-02    4.3500E-02    3.2400E-02    2.5900E-02    3.0300E-02    1.7400E-02    1.1300E-02    7.6000E-03    7.0000E-03    )
( -5.0000E+00    5.2300E-02    5.2000E-02    4.2200E-02    3.5500E-02    2.9000E-02    2.4900E-02    2.3000E-02    1.9100E-02    1.6800E-02    1.3300E-02    8.4000E-03    6.9000E-03    6.5000E-03    )
( -4.0000E+00    4.1100E-02    3.8300E-02    3.1400E-02    2.7400E-02    2.1900E-02    1.8000E-02    1.6650E-02    1.1900E-02    1.0500E-02    7.7000E-03    7.2000E-03    6.6000E-03    6.2000E-03    )
( -3.0000E+00    3.4600E-02    3.4600E-02    3.3500E-02    2.9300E-02    2.3600E-02    1.9100E-02    1.6000E-02    1.3000E-02    1.1100E-02    8.3000E-03    6.5000E-03    5.3000E-03    5.8000E-03    )
( -2.0000E+00    4.2400E-02    4.2200E-02    3.6800E-02    3.1300E-02    2.3500E-02    1.9500E-02    1.5600E-02    1.3800E-02    1.1700E-02    8.6000E-03    6.7000E-03    5.2000E-03    4.7000E-03    )
( -1.0000E+00    4.3900E-02    4.4300E-02    3.6100E-02    2.9400E-02    2.1500E-02    1.8300E-02    1.5100E-02    1.2800E-02    1.2200E-02    9.0000E-03    7.1000E-03    5.3333E-03    4.9000E-03    )
(  0.0000E+00    4.2300E-02    4.4500E-02    3.6400E-02    2.6600E-02    2.0500E-02    1.7000E-02    1.5000E-02    1.3000E-02    1.1600E-02    9.2000E-03    7.3000E-03    5.6000E-03    5.0000E-03    )
(  1.0000E+00    4.3800E-02    4.5000E-02    3.6950E-02    2.7200E-02    2.0200E-02    1.7000E-02    1.5300E-02    1.3100E-02    1.1900E-02    9.7000E-03    7.6000E-03    5.6000E-03    5.3000E-03    )
(  2.0000E+00    4.6600E-02    4.7600E-02    3.8100E-02    2.6200E-02    2.0500E-02    1.7600E-02    1.5000E-02    1.3700E-02    1.2200E-02    9.9000E-03    7.6000E-03    5.9000E-03    5.3000E-03    )
(  3.0000E+00    5.0700E-02    5.0400E-02    4.1500E-02    2.9300E-02    2.1200E-02    1.8200E-02    1.5800E-02    1.3800E-02    1.3000E-02    1.0300E-02    8.1000E-03    6.2000E-03    5.8000E-03    )
(  4.0000E+00    5.5300E-02    5.5500E-02    4.3700E-02    2.8900E-02    2.2100E-02    1.8900E-02    1.6200E-02    1.4300E-02    1.2900E-02    1.0400E-02    8.3000E-03    6.7000E-03    7.7000E-03    )
(  5.0000E+00    6.0950E-02    5.9600E-02    4.8500E-02    3.0700E-02    2.2600E-02    1.9100E-02    1.6500E-02    1.4700E-02    1.3400E-02    1.1000E-02    8.8000E-03    9.0000E-03    9.6000E-03    )
(  6.0000E+00    7.1400E-02    6.3700E-02    5.0400E-02    2.9900E-02    2.2400E-02    1.9000E-02    1.6800E-02    1.4800E-02    1.3900E-02    1.1500E-02    1.0300E-02    1.1100E-02    1.0600E-02    )
(  7.0000E+00    8.2950E-02    6.6300E-02    3.5600E-02    2.6800E-02    2.1400E-02    1.8900E-02    1.6800E-02    1.5400E-02    1.4300E-02    1.3400E-02    1.3200E-02    1.2500E-02    1.1700E-02    )
(  8.0000E+00    9.1700E-02    5.8200E-02    3.0200E-02    2.4000E-02    2.0800E-02    1.9400E-02    1.8700E-02    1.8300E-02    1.8200E-02    1.7400E-02    1.5900E-02    1.3800E-02    1.3000E-02    )
(  9.0000E+00    9.5500E-02    3.5800E-02    2.8200E-02    2.6500E-02    2.5200E-02    2.5000E-02    2.4600E-02    2.3800E-02    2.3200E-02    2.0900E-02    1.8400E-02    1.5500E-02    1.4400E-02    )
(  1.0000E+01    9.7700E-02    4.0900E-02    3.8000E-02    3.6000E-02    3.4000E-02    3.2700E-02    3.1100E-02    2.9200E-02    2.9000E-02    2.5300E-02    2.1400E-02    1.7500E-02    1.6000E-02    )
(  1.1000E+01    6.0300E-02    5.2300E-02    4.8200E-02    4.5600E-02    4.3900E-02    4.1800E-02    4.0200E-02    3.7200E-02    3.5800E-02    2.9900E-02    2.6600E-02    2.0000E-02    1.8200E-02    )
(  1.2000E+01    7.8600E-02    6.6000E-02    6.0600E-02    5.6300E-02    5.3900E-02    5.2400E-02    5.0500E-02    4.8700E-02    4.5900E-02    3.9200E-02    3.2300E-02    2.4400E-02    2.0700E-02    )
(  1.3000E+01    1.0860E-01    8.6400E-02    7.5200E-02    6.9100E-02    6.7200E-02    6.4600E-02    6.3800E-02    6.0300E-02    6.0200E-02    4.9500E-02    3.9200E-02    2.8800E-02    2.4000E-02    )
(  1.4000E+01    1.6660E-01    1.1805E-01    9.5500E-02    9.3300E-02    8.5200E-02    8.3400E-02    7.6900E-02    7.5700E-02    7.5300E-02    6.4200E-02    4.9200E-02    3.4900E-02    2.8600E-02    )
(  1.5000E+01    2.2040E-01    1.6330E-01    1.2380E-01    1.1817E-01    1.0810E-01    1.0130E-01    9.4700E-02    9.7500E-02    9.1100E-02    8.3400E-02    6.2100E-02    4.3300E-02    3.5200E-02    )
(  1.6000E+01    2.3980E-01    2.1930E-01    1.9110E-01    1.4750E-01    1.4720E-01    1.2900E-01    1.1810E-01    1.2280E-01    1.1100E-01    1.0770E-01    7.7800E-02    5.4800E-02    4.3500E-02    )
(  1.7000E+01    2.6810E-01    2.5780E-01    2.2470E-01    2.1710E-01    2.0650E-01    2.0830E-01    1.5960E-01    1.5460E-01    1.3860E-01    1.3560E-01    9.6200E-02    6.8600E-02    5.5000E-02    )
(  1.8000E+01    2.6700E-01    2.7680E-01    2.6820E-01    2.6390E-01    2.5420E-01    2.5800E-01    2.3280E-01    1.9670E-01    1.8930E-01    1.6940E-01    1.1780E-01    8.7500E-02    6.8100E-02    )
(  1.9000E+01    2.9590E-01    2.8680E-01    2.8520E-01    2.8870E-01    2.8670E-01    2.7300E-01    2.8170E-01    2.7130E-01    2.4850E-01    2.0840E-01    1.4210E-01    1.0740E-01    8.6200E-02    )
(  2.0000E+01    3.2140E-01    3.2680E-01    3.2020E-01    3.0920E-01    3.0880E-01    3.0910E-01    3.0800E-01    3.0630E-01    3.0770E-01    2.7960E-01    1.7670E-01    1.3090E-01    1.0470E-01    )
(  2.1000E+01    3.2190E-01    3.2020E-01    3.2220E-01    3.0980E-01    3.1480E-01    3.1893E-01    3.1580E-01    3.3310E-01    3.0740E-01    3.3560E-01    2.4070E-01    1.6110E-01    1.2380E-01    )
(  2.2000E+01    3.4500E-01    3.1450E-01    3.1430E-01    3.1800E-01    3.1390E-01    3.1320E-01    3.1160E-01    3.5990E-01    3.1660E-01    3.9160E-01    3.1870E-01    2.1170E-01    1.4760E-01    )
(  2.3000E+01    3.2060E-01    3.2820E-01    3.1880E-01    3.1970E-01    3.2210E-01    3.2040E-01    3.1880E-01    3.8670E-01    3.2580E-01    4.4760E-01    3.9670E-01    2.6550E-01    1.8080E-01    )
(  2.4000E+01    3.2700E-01    3.3130E-01    3.5020E-01    3.2520E-01    3.2590E-01    3.2700E-01    3.2600E-01    4.1350E-01    3.3500E-01    5.0360E-01    4.7470E-01    3.1930E-01    2.3650E-01    )
(  2.5000E+01    3.4430E-01    3.2650E-01    3.8160E-01    3.3040E-01    3.2970E-01    3.3360E-01    3.3320E-01    4.4030E-01    3.4420E-01    5.5960E-01    5.5270E-01    3.7310E-01    3.3230E-01    )
(  2.6000E+01    3.3830E-01    3.2170E-01    4.1300E-01    3.3560E-01    3.3350E-01    3.4020E-01    3.4040E-01    4.6710E-01    3.5340E-01    6.1560E-01    6.3070E-01    4.2690E-01    4.2810E-01    )
(  2.7000E+01    3.4480E-01    3.1690E-01    4.4440E-01    3.4080E-01    3.3730E-01    3.4680E-01    3.4760E-01    4.9390E-01    3.6260E-01    6.7160E-01    7.0870E-01    4.8070E-01    5.2390E-01    )
(  2.8000E+01    3.7240E-01    3.1210E-01    4.7580E-01    3.4600E-01    3.4110E-01    3.5340E-01    3.5480E-01    5.2070E-01    3.7180E-01    7.2760E-01    7.8670E-01    5.3450E-01    6.1970E-01    )
(  2.9000E+01    3.7815E-01    3.0730E-01    5.0720E-01    3.5120E-01    3.4490E-01    3.6000E-01    3.6200E-01    5.4750E-01    3.8100E-01    7.8360E-01    8.6470E-01    5.8830E-01    7.1550E-01    )
(  3.0000E+01    3.8389E-01    3.0250E-01    5.3860E-01    3.5640E-01    3.4870E-01    3.6660E-01    3.6920E-01    5.7430E-01    3.9020E-01    8.3960E-01    9.4270E-01    6.4210E-01    8.1130E-01    )
(  3.1000E+01    3.8964E-01    2.9770E-01    5.7000E-01    3.6160E-01    3.5250E-01    3.7320E-01    3.7640E-01    6.0110E-01    3.9940E-01    8.9560E-01    1.0207E+00    6.9590E-01    9.0710E-01    )
(  3.2000E+01    3.9539E-01    2.9290E-01    6.0140E-01    3.6680E-01    3.5630E-01    3.7980E-01    3.8360E-01    6.2790E-01    4.0860E-01    9.5160E-01    1.0987E+00    7.4970E-01    1.0029E+00    )
(  3.3000E+01    4.0113E-01    2.8810E-01    6.3280E-01    3.7200E-01    3.6010E-01    3.8640E-01    3.9080E-01    6.5470E-01    4.1780E-01    1.0076E+00    1.1767E+00    8.0350E-01    1.0987E+00    )
(  3.4000E+01    4.0688E-01    2.8330E-01    6.6420E-01    3.7720E-01    3.6390E-01    3.9300E-01    3.9800E-01    6.8150E-01    4.2700E-01    1.0636E+00    1.2547E+00    8.5730E-01    1.1945E+00    )
(  3.5000E+01    4.1263E-01    2.7850E-01    6.9560E-01    3.8240E-01    3.6770E-01    3.9960E-01    4.0520E-01    7.0830E-01    4.3620E-01    1.1196E+00    1.3327E+00    9.1110E-01    1.2903E+00    )
